           1          -1          37          -1           0          -1
           1        1782        1788
           2        1788        1787
           3        1787        1786
           4        1786        1785
           5        1785        1784
           6        1784        1783
           7        1783         325
           8         325         304
           9         304        2083
          10        2083        2082
          11        2082        2081
          12        2081        2080
          13        2080         261
          14         261         256
          15         256        2230
          16        2230         147
          17         147         141
          18         141        2524
          19        2524        2525
          20        2525        2526
          21        2526        2527
          22        2527        2528
          23        2528        2529
          24        2529        2530
          25        2530        2531
          26        2531        2532
          27        2532        2533
          28        2533        2534
          29        2534        2535
          30        2535        2536
          31        2536        2537
          32        2537        2538
          33        2538        2539
          34        2539        2540
          35        2540        2541
          36        2541        2542
          37        2542        2507
           2          -1          45          -1          -1          -1
           1         407         422
           2         422        1466
           3        1466        1473
           4        1473        1474
           5        1474        1475
           6        1475        1476
           7        1476        1477
           8        1477        1478
           9        1478        1479
          10        1479        1480
          11        1480        1481
          12        1481        1482
          13        1482        1483
          14        1483        1484
          15        1484        1485
          16        1485        1486
          17        1486        1487
          18        1487        1488
          19        1488        1489
          20        1489        1490
          21        1490        1491
          22        1491        1492
          23        1492        1493
          24        1493        1494
          25        1494        1495
          26        1495        1496
          27        1496        1497
          28        1497        1498
          29        1498        2507
          30        2507        2508
          31        2508        2509
          32        2509        2510
          33        2510        2511
          34        2511        2512
          35        2512        2513
          36        2513        2514
          37        2514        2515
          38        2515        2516
          39        2516        2517
          40        2517        2518
          41        2518        2519
          42        2519        2520
          43        2520        2521
          44        2521        2522
          45        2522        2523
           3          -1          37          -1           0          -1
           1         676         685
           2         685         684
           3         684         683
           4         683         682
           5         682         681
           6         681         680
           7         680         679
           8         679         678
           9         678         677
          10         677           1
          11           1           2
          12           2        1028
          13        1028        1029
          14        1029        1030
          15        1030        1031
          16        1031        1032
          17        1032        1033
          18        1033        1034
          19        1034        1035
          20        1035        1036
          21        1036        1037
          22        1037        1038
          23        1038        1039
          24        1039        1040
          25        1040        1041
          26        1041        1042
          27        1042         537
          28         537         538
          29         538         539
          30         539         522
          31         522        1467
          32        1467        1468
          33        1468        1469
          34        1469        1470
          35        1470        1471
          36        1471        1472
          37        1472        1466
           4          -1          44          -1          -1          -1
           1         653         662
           2         662         676
           3         676         686
           4         686         687
           5         687         688
           6         688         689
           7         689         690
           8         690         691
           9         691         692
          10         692         693
          11         693         694
          12         694         695
          13         695        1782
          14        1782        1789
          15        1789        1790
          16        1790        1791
          17        1791        1792
          18        1792        1793
          19        1793        1794
          20        1794        1795
          21        1795        1796
          22        1796        1797
          23        1797        1798
          24        1798        1799
          25        1799        1800
          26        1800        1801
          27        1801        1802
          28        1802        1803
          29        1803        1804
          30        1804        1805
          31        1805        1806
          32        1806        1807
          33        1807        1808
          34        1808        1809
          35        1809        1810
          36        1810        1811
          37        1811        1812
          38        1812        1813
          39        1813        1814
          40        1814        1815
          41        1815        1816
          42        1816        1817
          43        1817        1818
          44        1818        1819
