 it=           1
 0.1382E+05 0.1382E+05
 it=           2
 0.2691E+05 0.2691E+05
 it=           3
 0.3932E+05 0.3932E+05
 it=           4
 0.5108E+05 0.5108E+05
 it=           5
 0.6223E+05 0.6223E+05
 it=           6
 0.7279E+05 0.7279E+05
 it=           7
 0.8280E+05 0.8280E+05
 it=           8
 0.9229E+05 0.9229E+05
 it=           9
 0.1013E+06 0.1013E+06
 it=          10
 0.1098E+06 0.1098E+06
 it=          11
 0.1179E+06 0.1179E+06
 it=          12
 0.1255E+06 0.1255E+06
 it=          13
 0.1328E+06 0.1328E+06
 it=          14
 0.1397E+06 0.1397E+06
 it=          15
 0.1462E+06 0.1462E+06
 it=          16
 0.1523E+06 0.1523E+06
 it=          17
 0.1582E+06 0.1582E+06
 it=          18
 0.1637E+06 0.1637E+06
 it=          19
 0.1690E+06 0.1690E+06
 it=          20
 0.1740E+06 0.1740E+06
 it=          21
 0.1787E+06 0.1787E+06
 it=          22
 0.1832E+06 0.1832E+06
 it=          23
 0.1874E+06 0.1874E+06
 it=          24
 0.1914E+06 0.1914E+06
 it=          25
 0.1952E+06 0.1952E+06
 it=          26
 0.1988E+06 0.1988E+06
 it=          27
 0.2023E+06 0.2023E+06
 it=          28
 0.2055E+06 0.2055E+06
 it=          29
 0.2086E+06 0.2086E+06
 it=          30
 0.2115E+06 0.2115E+06
 it=          31
 0.2142E+06 0.2142E+06
 it=          32
 0.2168E+06 0.2168E+06
 it=          33
 0.2193E+06 0.2193E+06
 it=          34
 0.2217E+06 0.2217E+06
 it=          35
 0.2239E+06 0.2239E+06
 it=          36
 0.2260E+06 0.2260E+06
 it=          37
 0.2280E+06 0.2280E+06
 it=          38
 0.2299E+06 0.2299E+06
 it=          39
 0.2317E+06 0.2317E+06
 it=          40
 0.2334E+06 0.2334E+06
 it=          41
 0.2350E+06 0.2350E+06
 it=          42
 0.2365E+06 0.2365E+06
 it=          43
 0.2380E+06 0.2380E+06
 it=          44
 0.2393E+06 0.2393E+06
 it=          45
 0.2406E+06 0.2406E+06
 it=          46
 0.2419E+06 0.2419E+06
 it=          47
 0.2430E+06 0.2430E+06
 it=          48
 0.2441E+06 0.2441E+06
 it=          49
 0.2452E+06 0.2452E+06
 it=          50
 0.2462E+06 0.2462E+06
 it=          51
 0.2471E+06 0.2471E+06
 it=          52
 0.2480E+06 0.2480E+06
 it=          53
 0.2489E+06 0.2489E+06
 it=          54
 0.2497E+06 0.2497E+06
 it=          55
 0.2504E+06 0.2504E+06
 it=          56
 0.2512E+06 0.2512E+06
 it=          57
 0.2518E+06 0.2518E+06
 it=          58
 0.2525E+06 0.2525E+06
 it=          59
 0.2531E+06 0.2531E+06
 it=          60
 0.2537E+06 0.2537E+06
 it=          61
 0.2542E+06 0.2542E+06
 it=          62
 0.2547E+06 0.2547E+06
 it=          63
 0.2552E+06 0.2552E+06
 it=          64
 0.2557E+06 0.2557E+06
 it=          65
 0.2562E+06 0.2562E+06
 it=          66
 0.2566E+06 0.2566E+06
 it=          67
 0.2570E+06 0.2570E+06
 it=          68
 0.2574E+06 0.2574E+06
 it=          69
 0.2577E+06 0.2577E+06
 it=          70
 0.2580E+06 0.2580E+06
 it=          71
 0.2584E+06 0.2584E+06
 it=          72
 0.2587E+06 0.2587E+06
 it=          73
 0.2590E+06 0.2590E+06
 it=          74
 0.2592E+06 0.2592E+06
 it=          75
 0.2595E+06 0.2595E+06
 it=          76
 0.2597E+06 0.2597E+06
 it=          77
 0.2600E+06 0.2600E+06
 it=          78
 0.2602E+06 0.2602E+06
 it=          79
 0.2604E+06 0.2604E+06
 it=          80
 0.2606E+06 0.2606E+06
 it=          81
 0.2608E+06 0.2608E+06
 it=          82
 0.2610E+06 0.2610E+06
 it=          83
 0.2611E+06 0.2611E+06
 it=          84
 0.2613E+06 0.2613E+06
 it=          85
 0.2615E+06 0.2615E+06
 it=          86
 0.2616E+06 0.2616E+06
 it=          87
 0.2617E+06 0.2617E+06
 it=          88
 0.2619E+06 0.2619E+06
 it=          89
 0.2620E+06 0.2620E+06
 it=          90
 0.2621E+06 0.2621E+06
 it=          91
 0.2622E+06 0.2622E+06
 it=          92
 0.2623E+06 0.2623E+06
 it=          93
 0.2624E+06 0.2624E+06
 it=          94
 0.2625E+06 0.2625E+06
 it=          95
 0.2626E+06 0.2626E+06
 it=          96
 0.2627E+06 0.2627E+06
 it=          97
 0.2628E+06 0.2628E+06
 it=          98
 0.2628E+06 0.2628E+06
 it=          99
 0.2629E+06 0.2629E+06
 it=         100
 0.2630E+06 0.2630E+06
 it=         101
 0.2630E+06 0.2630E+06
 it=         102
 0.2631E+06 0.2631E+06
 it=         103
 0.2632E+06 0.2632E+06
 it=         104
 0.2632E+06 0.2632E+06
 it=         105
 0.2633E+06 0.2633E+06
 it=         106
 0.2633E+06 0.2633E+06
 it=         107
 0.2634E+06 0.2634E+06
 it=         108
 0.2634E+06 0.2634E+06
 it=         109
 0.2634E+06 0.2634E+06
 it=         110
 0.2635E+06 0.2635E+06
 it=         111
 0.2635E+06 0.2635E+06
 it=         112
 0.2636E+06 0.2636E+06
 it=         113
 0.2636E+06 0.2636E+06
 it=         114
 0.2636E+06 0.2636E+06
 it=         115
 0.2636E+06 0.2636E+06
 it=         116
 0.2637E+06 0.2637E+06
 it=         117
 0.2637E+06 0.2637E+06
 it=         118
 0.2637E+06 0.2637E+06
 it=         119
 0.2638E+06 0.2638E+06
 it=         120
 0.2638E+06 0.2638E+06
 it=         121
 0.2638E+06 0.2638E+06
 it=         122
 0.2638E+06 0.2638E+06
 it=         123
 0.2638E+06 0.2638E+06
 it=         124
 0.2639E+06 0.2639E+06
 it=         125
 0.2639E+06 0.2639E+06
 it=         126
 0.2639E+06 0.2639E+06
 it=         127
 0.2639E+06 0.2639E+06
 it=         128
 0.2639E+06 0.2639E+06
 it=         129
 0.2639E+06 0.2639E+06
 it=         130
 0.2640E+06 0.2640E+06
 it=         131
 0.2640E+06 0.2640E+06
 it=         132
 0.2640E+06 0.2640E+06
 it=         133
 0.2640E+06 0.2640E+06
 it=         134
 0.2640E+06 0.2640E+06
 it=         135
 0.2640E+06 0.2640E+06
 it=         136
 0.2640E+06 0.2640E+06
 it=         137
 0.2640E+06 0.2640E+06
 it=         138
 0.2640E+06 0.2640E+06
 it=         139
 0.2640E+06 0.2640E+06
 it=         140
 0.2641E+06 0.2641E+06
 it=         141
 0.2641E+06 0.2641E+06
 it=         142
 0.2641E+06 0.2641E+06
 it=         143
 0.2641E+06 0.2641E+06
 it=         144
 0.2641E+06 0.2641E+06
 it=         145
 0.2641E+06 0.2641E+06
 it=         146
 0.2641E+06 0.2641E+06
 it=         147
 0.2641E+06 0.2641E+06
 it=         148
 0.2641E+06 0.2641E+06
 it=         149
 0.2641E+06 0.2641E+06
 it=         150
 0.2641E+06 0.2641E+06
 it=         151
 0.2641E+06 0.2641E+06
 it=         152
 0.2641E+06 0.2641E+06
 it=         153
 0.2641E+06 0.2641E+06
 it=         154
 0.2641E+06 0.2641E+06
 it=         155
 0.2641E+06 0.2641E+06
 it=         156
 0.2641E+06 0.2641E+06
 it=         157
 0.2641E+06 0.2641E+06
 it=         158
 0.2641E+06 0.2641E+06
 it=         159
 0.2641E+06 0.2641E+06
 it=         160
 0.2641E+06 0.2641E+06
 it=         161
 0.2642E+06 0.2642E+06
 it=         162
 0.2642E+06 0.2642E+06
 it=         163
 0.2642E+06 0.2642E+06
 it=         164
 0.2642E+06 0.2642E+06
 it=         165
 0.2642E+06 0.2642E+06
 it=         166
 0.2642E+06 0.2642E+06
 it=         167
 0.2642E+06 0.2642E+06
 it=         168
 0.2642E+06 0.2642E+06
 it=         169
 0.2642E+06 0.2642E+06
 it=         170
 0.2642E+06 0.2642E+06
 it=         171
 0.2642E+06 0.2642E+06
 it=         172
 0.2642E+06 0.2642E+06
 it=         173
 0.2642E+06 0.2642E+06
 it=         174
 0.2642E+06 0.2642E+06
 it=         175
 0.2642E+06 0.2642E+06
 it=         176
 0.2642E+06 0.2642E+06
 it=         177
 0.2642E+06 0.2642E+06
 it=         178
 0.2642E+06 0.2642E+06
 it=         179
 0.2642E+06 0.2642E+06
 it=         180
 0.2642E+06 0.2642E+06
 it=         181
 0.2642E+06 0.2642E+06
 it=         182
 0.2642E+06 0.2642E+06
 it=         183
 0.2642E+06 0.2642E+06
 it=         184
 0.2642E+06 0.2642E+06
 it=         185
 0.2642E+06 0.2642E+06
 it=         186
 0.2642E+06 0.2642E+06
 it=         187
 0.2642E+06 0.2642E+06
 it=         188
 0.2642E+06 0.2642E+06
 it=         189
 0.2642E+06 0.2642E+06
 it=         190
 0.2642E+06 0.2642E+06
 it=         191
 0.2642E+06 0.2642E+06
 it=         192
 0.2642E+06 0.2642E+06
 it=         193
 0.2642E+06 0.2642E+06
 it=         194
 0.2642E+06 0.2642E+06
 it=         195
 0.2642E+06 0.2642E+06
 it=         196
 0.2642E+06 0.2642E+06
 it=         197
 0.2642E+06 0.2642E+06
 it=         198
 0.2642E+06 0.2642E+06
 it=         199
 0.2642E+06 0.2642E+06
 it=         200
 0.2642E+06 0.2642E+06
 it=         201
 0.2642E+06 0.2642E+06
 it=         202
 0.2642E+06 0.2642E+06
 it=         203
 0.2642E+06 0.2642E+06
 it=         204
 0.2642E+06 0.2642E+06
 it=         205
 0.2642E+06 0.2642E+06
 it=         206
 0.2642E+06 0.2642E+06
 it=         207
 0.2642E+06 0.2642E+06
 it=         208
 0.2642E+06 0.2642E+06
 it=         209
 0.2642E+06 0.2642E+06
 it=         210
 0.2642E+06 0.2642E+06
 it=         211
 0.2642E+06 0.2642E+06
 it=         212
 0.2642E+06 0.2642E+06
 it=         213
 0.2642E+06 0.2642E+06
 it=         214
 0.2642E+06 0.2642E+06
 it=         215
 0.2642E+06 0.2642E+06
 it=         216
 0.2642E+06 0.2642E+06
 it=         217
 0.2642E+06 0.2642E+06
 it=         218
 0.2642E+06 0.2642E+06
 it=         219
 0.2642E+06 0.2642E+06
 it=         220
 0.2642E+06 0.2642E+06
 it=         221
 0.2642E+06 0.2642E+06
 it=         222
 0.2642E+06 0.2642E+06
 it=         223
 0.2642E+06 0.2642E+06
 it=         224
 0.2642E+06 0.2642E+06
 it=         225
 0.2642E+06 0.2642E+06
 it=         226
 0.2642E+06 0.2642E+06
 it=         227
 0.2642E+06 0.2642E+06
 it=         228
 0.2642E+06 0.2642E+06
 it=         229
 0.2642E+06 0.2642E+06
 it=         230
 0.2642E+06 0.2642E+06
 it=         231
 0.2642E+06 0.2642E+06
 it=         232
 0.2642E+06 0.2642E+06
 it=         233
 0.2642E+06 0.2642E+06
 it=         234
 0.2642E+06 0.2642E+06
 it=         235
 0.2642E+06 0.2642E+06
 it=         236
 0.2642E+06 0.2642E+06
 it=         237
 0.2642E+06 0.2642E+06
 it=         238
 0.2642E+06 0.2642E+06
 it=         239
 0.2642E+06 0.2642E+06
 it=         240
 0.2642E+06 0.2642E+06
 it=         241
 0.2642E+06 0.2642E+06
 it=         242
 0.2642E+06 0.2642E+06
 it=         243
 0.2642E+06 0.2642E+06
 it=         244
 0.2642E+06 0.2642E+06
 it=         245
 0.2642E+06 0.2642E+06
 it=         246
 0.2642E+06 0.2642E+06
 it=         247
 0.2642E+06 0.2642E+06
 it=         248
 0.2642E+06 0.2642E+06
 it=         249
 0.2642E+06 0.2642E+06
 it=         250
 0.2642E+06 0.2642E+06
 it=         251
 0.2642E+06 0.2642E+06
 it=         252
 0.2642E+06 0.2642E+06
 it=         253
 0.2642E+06 0.2642E+06
 it=         254
 0.2642E+06 0.2642E+06
 it=         255
 0.2642E+06 0.2642E+06
 it=         256
 0.2642E+06 0.2642E+06
 it=         257
 0.2642E+06 0.2642E+06
 it=         258
 0.2642E+06 0.2642E+06
 it=         259
 0.2642E+06 0.2642E+06
 it=         260
 0.2642E+06 0.2642E+06
 it=         261
 0.2642E+06 0.2642E+06
 it=         262
 0.2642E+06 0.2642E+06
 it=         263
 0.2642E+06 0.2642E+06
 it=         264
 0.2642E+06 0.2642E+06
 it=         265
 0.2642E+06 0.2642E+06
 it=         266
 0.2642E+06 0.2642E+06
 it=         267
 0.2642E+06 0.2642E+06
 it=         268
 0.2642E+06 0.2642E+06
 it=         269
 0.2642E+06 0.2642E+06
 it=         270
 0.2642E+06 0.2642E+06
 it=         271
 0.2642E+06 0.2642E+06
 it=         272
 0.2642E+06 0.2642E+06
 it=         273
 0.2642E+06 0.2642E+06
 it=         274
 0.2642E+06 0.2642E+06
 it=         275
 0.2642E+06 0.2642E+06
 it=         276
 0.2642E+06 0.2642E+06
 it=         277
 0.2642E+06 0.2642E+06
 it=         278
 0.2642E+06 0.2642E+06
 it=         279
 0.2642E+06 0.2642E+06
 it=         280
 0.2642E+06 0.2642E+06
 it=         281
 0.2642E+06 0.2642E+06
 it=         282
 0.2642E+06 0.2642E+06
 it=         283
 0.2642E+06 0.2642E+06
 it=         284
 0.2642E+06 0.2642E+06
 it=         285
 0.2642E+06 0.2642E+06
 it=         286
 0.2642E+06 0.2642E+06
 it=         287
 0.2642E+06 0.2642E+06
 it=         288
 0.2642E+06 0.2642E+06
 it=         289
 0.2642E+06 0.2642E+06
 it=         290
 0.2642E+06 0.2642E+06
 it=         291
 0.2642E+06 0.2642E+06
 it=         292
 0.2642E+06 0.2642E+06
 it=         293
 0.2642E+06 0.2642E+06
 it=         294
 0.2642E+06 0.2642E+06
 it=         295
 0.2642E+06 0.2642E+06
 it=         296
 0.2642E+06 0.2642E+06
 it=         297
 0.2642E+06 0.2642E+06
 it=         298
 0.2642E+06 0.2642E+06
 it=         299
 0.2642E+06 0.2642E+06
 it=         300
 0.2642E+06 0.2642E+06
 it=         301
 0.2642E+06 0.2642E+06
 it=         302
 0.2642E+06 0.2642E+06
 it=         303
 0.2642E+06 0.2642E+06
 it=         304
 0.2642E+06 0.2642E+06
 it=         305
 0.2642E+06 0.2642E+06
 it=         306
 0.2642E+06 0.2642E+06
 it=         307
 0.2642E+06 0.2642E+06
 it=         308
 0.2642E+06 0.2642E+06
 it=         309
 0.2642E+06 0.2642E+06
 it=         310
 0.2642E+06 0.2642E+06
 it=         311
 0.2642E+06 0.2642E+06
 it=         312
 0.2642E+06 0.2642E+06
 it=         313
 0.2642E+06 0.2642E+06
 it=         314
 0.2642E+06 0.2642E+06
 it=         315
 0.2642E+06 0.2642E+06
 it=         316
 0.2642E+06 0.2642E+06
 it=         317
 0.2642E+06 0.2642E+06
 it=         318
 0.2642E+06 0.2642E+06
 it=         319
 0.2642E+06 0.2642E+06
 it=         320
 0.2642E+06 0.2642E+06
 it=         321
 0.2642E+06 0.2642E+06
 it=         322
 0.2642E+06 0.2642E+06
 it=         323
 0.2642E+06 0.2642E+06
 it=         324
 0.2642E+06 0.2642E+06
 it=         325
 0.2642E+06 0.2642E+06
 it=         326
 0.2642E+06 0.2642E+06
 it=         327
 0.2642E+06 0.2642E+06
 it=         328
 0.2642E+06 0.2642E+06
 it=         329
 0.2642E+06 0.2642E+06
 it=         330
 0.2642E+06 0.2642E+06
 it=         331
 0.2642E+06 0.2642E+06
 it=         332
 0.2642E+06 0.2642E+06
 it=         333
 0.2642E+06 0.2642E+06
 it=         334
 0.2642E+06 0.2642E+06
 it=         335
 0.2642E+06 0.2642E+06
 it=         336
 0.2642E+06 0.2642E+06
 it=         337
 0.2642E+06 0.2642E+06
 it=         338
 0.2642E+06 0.2642E+06
 it=         339
 0.2642E+06 0.2642E+06
 it=         340
 0.2642E+06 0.2642E+06
 it=         341
 0.2642E+06 0.2642E+06
 it=         342
 0.2642E+06 0.2642E+06
 it=         343
 0.2642E+06 0.2642E+06
 it=         344
 0.2642E+06 0.2642E+06
 it=         345
 0.2642E+06 0.2642E+06
 it=         346
 0.2642E+06 0.2642E+06
 it=         347
 0.2642E+06 0.2642E+06
 it=         348
 0.2642E+06 0.2642E+06
 it=         349
 0.2642E+06 0.2642E+06
 it=         350
 0.2642E+06 0.2642E+06
 it=         351
 0.2642E+06 0.2642E+06
 it=         352
 0.2642E+06 0.2642E+06
 it=         353
 0.2642E+06 0.2642E+06
 it=         354
 0.2642E+06 0.2642E+06
 it=         355
 0.2642E+06 0.2642E+06
 it=         356
 0.2642E+06 0.2642E+06
 it=         357
 0.2642E+06 0.2642E+06
 it=         358
 0.2642E+06 0.2642E+06
 it=         359
 0.2642E+06 0.2642E+06
 it=         360
 0.2642E+06 0.2642E+06
 it=         361
 0.2642E+06 0.2642E+06
 it=         362
 0.2642E+06 0.2642E+06
 it=         363
 0.2642E+06 0.2642E+06
 it=         364
 0.2642E+06 0.2642E+06
 it=         365
 0.2642E+06 0.2642E+06
 it=         366
 0.2642E+06 0.2642E+06
 it=         367
 0.2642E+06 0.2642E+06
 it=         368
 0.2642E+06 0.2642E+06
 it=         369
 0.2642E+06 0.2642E+06
 it=         370
 0.2642E+06 0.2642E+06
 it=         371
 0.2642E+06 0.2642E+06
 it=         372
 0.2642E+06 0.2642E+06
 it=         373
 0.2642E+06 0.2642E+06
 it=         374
 0.2642E+06 0.2642E+06
 it=         375
 0.2642E+06 0.2642E+06
 it=         376
 0.2642E+06 0.2642E+06
 it=         377
 0.2642E+06 0.2642E+06
 it=         378
 0.2642E+06 0.2642E+06
 it=         379
 0.2642E+06 0.2642E+06
 it=         380
 0.2642E+06 0.2642E+06
 it=         381
 0.2642E+06 0.2642E+06
 it=         382
 0.2642E+06 0.2642E+06
 it=         383
 0.2642E+06 0.2642E+06
 it=         384
 0.2642E+06 0.2642E+06
 it=         385
 0.2642E+06 0.2642E+06
 it=         386
 0.2642E+06 0.2642E+06
 it=         387
 0.2642E+06 0.2642E+06
 it=         388
 0.2642E+06 0.2642E+06
 it=         389
 0.2642E+06 0.2642E+06
 it=         390
 0.2642E+06 0.2642E+06
 it=         391
 0.2642E+06 0.2642E+06
 it=         392
 0.2642E+06 0.2642E+06
 it=         393
 0.2642E+06 0.2642E+06
 it=         394
 0.2642E+06 0.2642E+06
 it=         395
 0.2642E+06 0.2642E+06
 it=         396
 0.2642E+06 0.2642E+06
 it=         397
 0.2639E+06 0.2639E+06
 it=         398
 0.2636E+06 0.2636E+06
 it=         399
 0.2633E+06 0.2633E+06
 it=         400
 0.2630E+06 0.2630E+06
 it=         401
 0.2626E+06 0.2627E+06
 it=         402
 0.2623E+06 0.2624E+06
 it=         403
 0.2620E+06 0.2621E+06
 it=         404
 0.2617E+06 0.2618E+06
 it=         405
 0.2615E+06 0.2615E+06
 it=         406
 0.2612E+06 0.2612E+06
 it=         407
 0.2609E+06 0.2609E+06
 it=         408
 0.2606E+06 0.2606E+06
 it=         409
 0.2603E+06 0.2604E+06
 it=         410
 0.2600E+06 0.2601E+06
 it=         411
 0.2598E+06 0.2598E+06
 it=         412
 0.2595E+06 0.2596E+06
 it=         413
 0.2592E+06 0.2593E+06
 it=         414
 0.2590E+06 0.2590E+06
 it=         415
 0.2587E+06 0.2588E+06
 it=         416
 0.2584E+06 0.2585E+06
 it=         417
 0.2582E+06 0.2583E+06
 it=         418
 0.2579E+06 0.2580E+06
 it=         419
 0.2577E+06 0.2578E+06
 it=         420
 0.2574E+06 0.2575E+06
 it=         421
 0.2572E+06 0.2573E+06
 it=         422
 0.2569E+06 0.2570E+06
 it=         423
 0.2567E+06 0.2568E+06
 it=         424
 0.2565E+06 0.2566E+06
 it=         425
 0.2562E+06 0.2563E+06
 it=         426
 0.2560E+06 0.2561E+06
 it=         427
 0.2558E+06 0.2559E+06
 it=         428
 0.2555E+06 0.2556E+06
 it=         429
 0.2553E+06 0.2554E+06
 it=         430
 0.2551E+06 0.2552E+06
 it=         431
 0.2549E+06 0.2550E+06
 it=         432
 0.2546E+06 0.2548E+06
 it=         433
 0.2544E+06 0.2546E+06
 it=         434
 0.2542E+06 0.2543E+06
 it=         435
 0.2540E+06 0.2541E+06
 it=         436
 0.2538E+06 0.2539E+06
 it=         437
 0.2536E+06 0.2537E+06
 it=         438
 0.2534E+06 0.2535E+06
 it=         439
 0.2532E+06 0.2533E+06
 it=         440
 0.2530E+06 0.2531E+06
 it=         441
 0.2528E+06 0.2529E+06
 it=         442
 0.2526E+06 0.2527E+06
 it=         443
 0.2524E+06 0.2525E+06
 it=         444
 0.2522E+06 0.2524E+06
 it=         445
 0.2520E+06 0.2522E+06
 it=         446
 0.2518E+06 0.2520E+06
 it=         447
 0.2516E+06 0.2518E+06
 it=         448
 0.2514E+06 0.2516E+06
 it=         449
 0.2512E+06 0.2514E+06
 it=         450
 0.2511E+06 0.2513E+06
 it=         451
 0.2509E+06 0.2511E+06
 it=         452
 0.2507E+06 0.2509E+06
 it=         453
 0.2505E+06 0.2507E+06
 it=         454
 0.2504E+06 0.2506E+06
 it=         455
 0.2502E+06 0.2504E+06
 it=         456
 0.2500E+06 0.2502E+06
 it=         457
 0.2498E+06 0.2501E+06
 it=         458
 0.2497E+06 0.2499E+06
 it=         459
 0.2495E+06 0.2497E+06
 it=         460
 0.2493E+06 0.2496E+06
 it=         461
 0.2492E+06 0.2494E+06
 it=         462
 0.2490E+06 0.2493E+06
 it=         463
 0.2489E+06 0.2491E+06
 it=         464
 0.2487E+06 0.2490E+06
 it=         465
 0.2486E+06 0.2488E+06
 it=         466
 0.2484E+06 0.2486E+06
 it=         467
 0.2482E+06 0.2485E+06
 it=         468
 0.2481E+06 0.2484E+06
 it=         469
 0.2479E+06 0.2482E+06
 it=         470
 0.2478E+06 0.2481E+06
 it=         471
 0.2476E+06 0.2479E+06
 it=         472
 0.2475E+06 0.2478E+06
 it=         473
 0.2474E+06 0.2476E+06
 it=         474
 0.2472E+06 0.2475E+06
 it=         475
 0.2471E+06 0.2473E+06
 it=         476
 0.2469E+06 0.2472E+06
 it=         477
 0.2468E+06 0.2471E+06
 it=         478
 0.2466E+06 0.2469E+06
 it=         479
 0.2465E+06 0.2468E+06
 it=         480
 0.2464E+06 0.2467E+06
 it=         481
 0.2462E+06 0.2465E+06
 it=         482
 0.2461E+06 0.2464E+06
 it=         483
 0.2460E+06 0.2463E+06
 it=         484
 0.2458E+06 0.2462E+06
 it=         485
 0.2457E+06 0.2460E+06
 it=         486
 0.2456E+06 0.2459E+06
 it=         487
 0.2455E+06 0.2458E+06
 it=         488
 0.2453E+06 0.2457E+06
 it=         489
 0.2452E+06 0.2455E+06
 it=         490
 0.2451E+06 0.2454E+06
 it=         491
 0.2450E+06 0.2453E+06
 it=         492
 0.2448E+06 0.2452E+06
 it=         493
 0.2447E+06 0.2450E+06
 it=         494
 0.2446E+06 0.2449E+06
 it=         495
 0.2445E+06 0.2448E+06
 it=         496
 0.2443E+06 0.2447E+06
 it=         497
 0.2442E+06 0.2446E+06
 it=         498
 0.2441E+06 0.2445E+06
 it=         499
 0.2439E+06 0.2443E+06
 it=         500
 0.2437E+06 0.2441E+06
 it=         501
 0.2434E+06 0.2438E+06
 it=         502
 0.2430E+06 0.2434E+06
 it=         503
 0.2427E+06 0.2431E+06
 it=         504
 0.2424E+06 0.2428E+06
 it=         505
 0.2421E+06 0.2425E+06
 it=         506
 0.2417E+06 0.2422E+06
 it=         507
 0.2414E+06 0.2418E+06
 it=         508
 0.2411E+06 0.2415E+06
 it=         509
 0.2408E+06 0.2412E+06
 it=         510
 0.2404E+06 0.2409E+06
 it=         511
 0.2401E+06 0.2405E+06
 it=         512
 0.2397E+06 0.2402E+06
 it=         513
 0.2394E+06 0.2399E+06
 it=         514
 0.2391E+06 0.2395E+06
 it=         515
 0.2387E+06 0.2392E+06
 it=         516
 0.2384E+06 0.2389E+06
 it=         517
 0.2380E+06 0.2385E+06
 it=         518
 0.2377E+06 0.2382E+06
 it=         519
 0.2373E+06 0.2378E+06
 it=         520
 0.2370E+06 0.2375E+06
 it=         521
 0.2366E+06 0.2371E+06
 it=         522
 0.2363E+06 0.2368E+06
 it=         523
 0.2359E+06 0.2364E+06
 it=         524
 0.2356E+06 0.2361E+06
 it=         525
 0.2352E+06 0.2357E+06
 it=         526
 0.2349E+06 0.2354E+06
 it=         527
 0.2345E+06 0.2350E+06
 it=         528
 0.2342E+06 0.2347E+06
 it=         529
 0.2338E+06 0.2343E+06
 it=         530
 0.2334E+06 0.2340E+06
 it=         531
 0.2331E+06 0.2336E+06
 it=         532
 0.2327E+06 0.2333E+06
 it=         533
 0.2323E+06 0.2329E+06
 it=         534
 0.2320E+06 0.2325E+06
 it=         535
 0.2316E+06 0.2322E+06
 it=         536
 0.2312E+06 0.2318E+06
 it=         537
 0.2309E+06 0.2314E+06
 it=         538
 0.2305E+06 0.2311E+06
 it=         539
 0.2301E+06 0.2307E+06
 it=         540
 0.2298E+06 0.2304E+06
 it=         541
 0.2294E+06 0.2300E+06
 it=         542
 0.2290E+06 0.2296E+06
 it=         543
 0.2287E+06 0.2293E+06
 it=         544
 0.2283E+06 0.2289E+06
 it=         545
 0.2279E+06 0.2285E+06
 it=         546
 0.2275E+06 0.2282E+06
 it=         547
 0.2272E+06 0.2278E+06
 it=         548
 0.2268E+06 0.2274E+06
 it=         549
 0.2264E+06 0.2270E+06
 it=         550
 0.2260E+06 0.2267E+06
 it=         551
 0.2257E+06 0.2263E+06
 it=         552
 0.2253E+06 0.2259E+06
 it=         553
 0.2249E+06 0.2255E+06
 it=         554
 0.2244E+06 0.2250E+06
 it=         555
 0.2238E+06 0.2244E+06
 it=         556
 0.2232E+06 0.2239E+06
 it=         557
 0.2226E+06 0.2233E+06
 it=         558
 0.2221E+06 0.2227E+06
 it=         559
 0.2215E+06 0.2222E+06
 it=         560
 0.2209E+06 0.2216E+06
 it=         561
 0.2203E+06 0.2210E+06
 it=         562
 0.2197E+06 0.2204E+06
 it=         563
 0.2192E+06 0.2199E+06
 it=         564
 0.2186E+06 0.2193E+06
 it=         565
 0.2180E+06 0.2187E+06
 it=         566
 0.2174E+06 0.2181E+06
 it=         567
 0.2168E+06 0.2175E+06
 it=         568
 0.2162E+06 0.2170E+06
 it=         569
 0.2157E+06 0.2164E+06
 it=         570
 0.2151E+06 0.2158E+06
 it=         571
 0.2145E+06 0.2152E+06
 it=         572
 0.2139E+06 0.2147E+06
 it=         573
 0.2133E+06 0.2141E+06
 it=         574
 0.2128E+06 0.2135E+06
 it=         575
 0.2122E+06 0.2129E+06
 it=         576
 0.2116E+06 0.2123E+06
 it=         577
 0.2110E+06 0.2118E+06
 it=         578
 0.2104E+06 0.2112E+06
 it=         579
 0.2098E+06 0.2106E+06
 it=         580
 0.2093E+06 0.2100E+06
 it=         581
 0.2087E+06 0.2095E+06
 it=         582
 0.2081E+06 0.2089E+06
 it=         583
 0.2075E+06 0.2083E+06
 it=         584
 0.2069E+06 0.2077E+06
 it=         585
 0.2064E+06 0.2072E+06
 it=         586
 0.2058E+06 0.2066E+06
 it=         587
 0.2052E+06 0.2060E+06
 it=         588
 0.2046E+06 0.2054E+06
 it=         589
 0.2040E+06 0.2049E+06
 it=         590
 0.2035E+06 0.2043E+06
 it=         591
 0.2029E+06 0.2037E+06
 it=         592
 0.2023E+06 0.2032E+06
 it=         593
 0.2017E+06 0.2026E+06
 it=         594
 0.2012E+06 0.2020E+06
 it=         595
 0.2006E+06 0.2015E+06
 it=         596
 0.2000E+06 0.2009E+06
 it=         597
 0.1995E+06 0.2003E+06
 it=         598
 0.1989E+06 0.1998E+06
 it=         599
 0.1983E+06 0.1992E+06
 it=         600
 0.1978E+06 0.1986E+06
 it=         601
 0.1972E+06 0.1981E+06
 it=         602
 0.1966E+06 0.1975E+06
 it=         603
 0.1961E+06 0.1970E+06
 it=         604
 0.1955E+06 0.1964E+06
 it=         605
 0.1949E+06 0.1958E+06
 it=         606
 0.1944E+06 0.1953E+06
 it=         607
 0.1938E+06 0.1947E+06
 it=         608
 0.1932E+06 0.1942E+06
 it=         609
 0.1927E+06 0.1936E+06
 it=         610
 0.1921E+06 0.1931E+06
 it=         611
 0.1916E+06 0.1925E+06
 it=         612
 0.1910E+06 0.1920E+06
 it=         613
 0.1905E+06 0.1914E+06
 it=         614
 0.1899E+06 0.1909E+06
 it=         615
 0.1893E+06 0.1903E+06
 it=         616
 0.1888E+06 0.1898E+06
 it=         617
 0.1882E+06 0.1892E+06
 it=         618
 0.1877E+06 0.1887E+06
 it=         619
 0.1871E+06 0.1881E+06
 it=         620
 0.1866E+06 0.1876E+06
 it=         621
 0.1861E+06 0.1870E+06
 it=         622
 0.1855E+06 0.1865E+06
 it=         623
 0.1850E+06 0.1860E+06
 it=         624
 0.1844E+06 0.1854E+06
 it=         625
 0.1839E+06 0.1849E+06
 it=         626
 0.1833E+06 0.1844E+06
 it=         627
 0.1828E+06 0.1838E+06
 it=         628
 0.1823E+06 0.1833E+06
 it=         629
 0.1817E+06 0.1828E+06
 it=         630
 0.1812E+06 0.1822E+06
 it=         631
 0.1807E+06 0.1817E+06
 it=         632
 0.1801E+06 0.1812E+06
 it=         633
 0.1796E+06 0.1806E+06
 it=         634
 0.1791E+06 0.1801E+06
 it=         635
 0.1785E+06 0.1796E+06
 it=         636
 0.1780E+06 0.1791E+06
 it=         637
 0.1775E+06 0.1785E+06
 it=         638
 0.1769E+06 0.1780E+06
 it=         639
 0.1764E+06 0.1775E+06
 it=         640
 0.1759E+06 0.1770E+06
 it=         641
 0.1754E+06 0.1765E+06
 it=         642
 0.1749E+06 0.1760E+06
 it=         643
 0.1743E+06 0.1754E+06
 it=         644
 0.1738E+06 0.1749E+06
 it=         645
 0.1733E+06 0.1744E+06
 it=         646
 0.1728E+06 0.1739E+06
 it=         647
 0.1723E+06 0.1734E+06
 it=         648
 0.1718E+06 0.1729E+06
 it=         649
 0.1713E+06 0.1724E+06
 it=         650
 0.1707E+06 0.1719E+06
 it=         651
 0.1702E+06 0.1714E+06
 it=         652
 0.1697E+06 0.1709E+06
 it=         653
 0.1692E+06 0.1704E+06
 it=         654
 0.1687E+06 0.1699E+06
 it=         655
 0.1682E+06 0.1694E+06
 it=         656
 0.1677E+06 0.1689E+06
 it=         657
 0.1672E+06 0.1684E+06
 it=         658
 0.1667E+06 0.1679E+06
 it=         659
 0.1662E+06 0.1674E+06
 it=         660
 0.1657E+06 0.1669E+06
 it=         661
 0.1652E+06 0.1664E+06
 it=         662
 0.1647E+06 0.1659E+06
 it=         663
 0.1642E+06 0.1654E+06
 it=         664
 0.1637E+06 0.1649E+06
 it=         665
 0.1632E+06 0.1645E+06
 it=         666
 0.1628E+06 0.1640E+06
 it=         667
 0.1623E+06 0.1635E+06
 it=         668
 0.1618E+06 0.1630E+06
 it=         669
 0.1613E+06 0.1625E+06
 it=         670
 0.1608E+06 0.1621E+06
 it=         671
 0.1603E+06 0.1616E+06
 it=         672
 0.1599E+06 0.1611E+06
 it=         673
 0.1594E+06 0.1606E+06
 it=         674
 0.1589E+06 0.1601E+06
 it=         675
 0.1584E+06 0.1597E+06
 it=         676
 0.1579E+06 0.1592E+06
 it=         677
 0.1575E+06 0.1587E+06
 it=         678
 0.1570E+06 0.1583E+06
 it=         679
 0.1565E+06 0.1578E+06
 it=         680
 0.1560E+06 0.1573E+06
 it=         681
 0.1556E+06 0.1569E+06
 it=         682
 0.1551E+06 0.1564E+06
 it=         683
 0.1546E+06 0.1559E+06
 it=         684
 0.1542E+06 0.1555E+06
 it=         685
 0.1537E+06 0.1550E+06
 it=         686
 0.1533E+06 0.1546E+06
 it=         687
 0.1528E+06 0.1541E+06
 it=         688
 0.1523E+06 0.1537E+06
 it=         689
 0.1519E+06 0.1532E+06
 it=         690
 0.1514E+06 0.1528E+06
 it=         691
 0.1510E+06 0.1523E+06
 it=         692
 0.1505E+06 0.1519E+06
 it=         693
 0.1501E+06 0.1514E+06
 it=         694
 0.1496E+06 0.1510E+06
 it=         695
 0.1491E+06 0.1505E+06
 it=         696
 0.1487E+06 0.1501E+06
 it=         697
 0.1482E+06 0.1496E+06
 it=         698
 0.1478E+06 0.1492E+06
 it=         699
 0.1474E+06 0.1487E+06
 it=         700
 0.1469E+06 0.1483E+06
 it=         701
 0.1465E+06 0.1479E+06
 it=         702
 0.1460E+06 0.1474E+06
 it=         703
 0.1456E+06 0.1470E+06
 it=         704
 0.1451E+06 0.1465E+06
 it=         705
 0.1447E+06 0.1461E+06
 it=         706
 0.1443E+06 0.1457E+06
 it=         707
 0.1438E+06 0.1452E+06
 it=         708
 0.1434E+06 0.1448E+06
 it=         709
 0.1430E+06 0.1444E+06
 it=         710
 0.1425E+06 0.1440E+06
 it=         711
 0.1421E+06 0.1435E+06
 it=         712
 0.1417E+06 0.1431E+06
 it=         713
 0.1412E+06 0.1427E+06
 it=         714
 0.1408E+06 0.1423E+06
 it=         715
 0.1404E+06 0.1418E+06
 it=         716
 0.1400E+06 0.1414E+06
 it=         717
 0.1395E+06 0.1410E+06
 it=         718
 0.1391E+06 0.1406E+06
 it=         719
 0.1387E+06 0.1402E+06
 it=         720
 0.1383E+06 0.1397E+06
 it=         721
 0.1378E+06 0.1393E+06
 it=         722
 0.1374E+06 0.1389E+06
 it=         723
 0.1370E+06 0.1385E+06
 it=         724
 0.1366E+06 0.1380E+06
 it=         725
 0.1362E+06 0.1376E+06
 it=         726
 0.1357E+06 0.1371E+06
 it=         727
 0.1353E+06 0.1366E+06
 it=         728
 0.1349E+06 0.1361E+06
 it=         729
 0.1344E+06 0.1357E+06
 it=         730
 0.1340E+06 0.1352E+06
 it=         731
 0.1335E+06 0.1348E+06
 it=         732
 0.1330E+06 0.1343E+06
 it=         733
 0.1326E+06 0.1339E+06
 it=         734
 0.1321E+06 0.1334E+06
 it=         735
 0.1317E+06 0.1330E+06
 it=         736
 0.1312E+06 0.1325E+06
 it=         737
 0.1308E+06 0.1321E+06
 it=         738
 0.1303E+06 0.1316E+06
 it=         739
 0.1299E+06 0.1312E+06
 it=         740
 0.1295E+06 0.1307E+06
 it=         741
 0.1290E+06 0.1303E+06
 it=         742
 0.1286E+06 0.1298E+06
 it=         743
 0.1281E+06 0.1294E+06
 it=         744
 0.1277E+06 0.1290E+06
 it=         745
 0.1273E+06 0.1285E+06
 it=         746
 0.1268E+06 0.1281E+06
 it=         747
 0.1264E+06 0.1276E+06
 it=         748
 0.1260E+06 0.1272E+06
 it=         749
 0.1255E+06 0.1268E+06
 it=         750
 0.1251E+06 0.1263E+06
 it=         751
 0.1247E+06 0.1259E+06
 it=         752
 0.1242E+06 0.1255E+06
 it=         753
 0.1238E+06 0.1250E+06
 it=         754
 0.1234E+06 0.1246E+06
 it=         755
 0.1230E+06 0.1242E+06
 it=         756
 0.1225E+06 0.1238E+06
 it=         757
 0.1221E+06 0.1233E+06
 it=         758
 0.1217E+06 0.1229E+06
 it=         759
 0.1213E+06 0.1225E+06
 it=         760
 0.1208E+06 0.1221E+06
 it=         761
 0.1204E+06 0.1217E+06
 it=         762
 0.1200E+06 0.1212E+06
 it=         763
 0.1196E+06 0.1208E+06
 it=         764
 0.1192E+06 0.1204E+06
 it=         765
 0.1188E+06 0.1200E+06
 it=         766
 0.1183E+06 0.1196E+06
 it=         767
 0.1179E+06 0.1192E+06
 it=         768
 0.1175E+06 0.1187E+06
 it=         769
 0.1171E+06 0.1183E+06
 it=         770
 0.1167E+06 0.1179E+06
 it=         771
 0.1163E+06 0.1175E+06
 it=         772
 0.1158E+06 0.1171E+06
 it=         773
 0.1154E+06 0.1167E+06
 it=         774
 0.1150E+06 0.1163E+06
 it=         775
 0.1146E+06 0.1158E+06
 it=         776
 0.1142E+06 0.1154E+06
 it=         777
 0.1137E+06 0.1150E+06
 it=         778
 0.1133E+06 0.1146E+06
 it=         779
 0.1128E+06 0.1141E+06
 it=         780
 0.1124E+06 0.1137E+06
 it=         781
 0.1119E+06 0.1132E+06
 it=         782
 0.1113E+06 0.1127E+06
 it=         783
 0.1108E+06 0.1122E+06
 it=         784
 0.1102E+06 0.1116E+06
 it=         785
 0.1096E+06 0.1111E+06
 it=         786
 0.1091E+06 0.1106E+06
 it=         787
 0.1088E+06 0.1102E+06
 it=         788
 0.1106E+06 0.1117E+06
 it=         789
 0.1122E+06 0.1135E+06
 it=         790
 0.1103E+06 0.1117E+06
 it=         791
 0.1087E+06 0.1088E+06
 it=         792
 0.1069E+06 0.1051E+06
 it=         793
 0.1038E+06 0.1011E+06
 it=         794
 0.9843E+05 0.9671E+05
 it=         795
 0.9205E+05 0.9179E+05
 it=         796
 0.8489E+05 0.8657E+05
 it=         797
 0.7800E+05 0.8130E+05
 it=         798
 0.7165E+05 0.7648E+05
 it=         799
 0.6678E+05 0.7241E+05
 it=         800
 0.6367E+05 0.6971E+05
 it=         801
 0.6384E+05 0.6928E+05
 it=         802
 0.6950E+05 0.7338E+05
 it=         803
 0.7298E+05 0.7862E+05
 it=         804
 0.7535E+05 0.8024E+05
 it=         805
 0.7922E+05 0.8327E+05
 it=         806
 0.8317E+05 0.8628E+05
 it=         807
 0.8691E+05 0.8958E+05
 it=         808
 0.9029E+05 0.9267E+05
 it=         809
 0.9327E+05 0.9526E+05
 it=         810
 0.9582E+05 0.9731E+05
 it=         811
 0.9793E+05 0.9895E+05
 it=         812
 0.9953E+05 0.1002E+06
 it=         813
 0.1006E+06 0.1010E+06
 it=         814
 0.1011E+06 0.1015E+06
 it=         815
 0.1006E+06 0.1013E+06
 it=         816
 0.9925E+05 0.1004E+06
 it=         817
 0.9696E+05 0.9883E+05
 it=         818
 0.9396E+05 0.9663E+05
 it=         819
 0.9035E+05 0.9388E+05
 it=         820
 0.8652E+05 0.9076E+05
 it=         821
 0.8276E+05 0.8753E+05
 it=         822
 0.7931E+05 0.8422E+05
 it=         823
 0.7647E+05 0.8113E+05
 it=         824
 0.7555E+05 0.7789E+05
 it=         825
 0.7333E+05 0.7734E+05
 it=         826
 0.7261E+05 0.7845E+05
 it=         827
 0.7330E+05 0.8054E+05
 it=         828
 0.7587E+05 0.8304E+05
 it=         829
 0.7927E+05 0.8508E+05
 it=         830
 0.8242E+05 0.8744E+05
 it=         831
 0.8556E+05 0.8988E+05
 it=         832
 0.8816E+05 0.9153E+05
 it=         833
 0.9024E+05 0.9295E+05
 it=         834
 0.9176E+05 0.9393E+05
 it=         835
 0.9273E+05 0.9433E+05
 it=         836
 0.9300E+05 0.9405E+05
 it=         837
 0.9251E+05 0.9302E+05
 it=         838
 0.9113E+05 0.9114E+05
 it=         839
 0.8902E+05 0.8866E+05
 it=         840
 0.8581E+05 0.8540E+05
 it=         841
 0.8176E+05 0.8169E+05
 it=         842
 0.7732E+05 0.7789E+05
 it=         843
 0.7290E+05 0.7427E+05
 it=         844
 0.6878E+05 0.7110E+05
 it=         845
 0.6549E+05 0.6879E+05
 it=         846
 0.6332E+05 0.6763E+05
 it=         847
 0.6354E+05 0.6967E+05
 it=         848
 0.6456E+05 0.7180E+05
 it=         849
 0.6972E+05 0.7525E+05
 it=         850
 0.7183E+05 0.7742E+05
 it=         851
 0.7324E+05 0.7909E+05
 it=         852
 0.7480E+05 0.8077E+05
 it=         853
 0.7705E+05 0.8157E+05
 it=         854
 0.7875E+05 0.8199E+05
 it=         855
 0.8044E+05 0.8226E+05
 it=         856
 0.8185E+05 0.8225E+05
 it=         857
 0.8318E+05 0.8247E+05
 it=         858
 0.8471E+05 0.8287E+05
 it=         859
 0.8585E+05 0.8305E+05
 it=         860
 0.8643E+05 0.8289E+05
 it=         861
 0.8640E+05 0.8261E+05
 it=         862
 0.8533E+05 0.8203E+05
 it=         863
 0.8270E+05 0.8063E+05
 it=         864
 0.7869E+05 0.7854E+05
 it=         865
 0.7386E+05 0.7581E+05
 it=         866
 0.6879E+05 0.7279E+05
 it=         867
 0.6401E+05 0.6968E+05
 it=         868
 0.5979E+05 0.6667E+05
 it=         869
 0.5688E+05 0.6419E+05
 it=         870
 0.5502E+05 0.6368E+05
 it=         871
 0.5773E+05 0.6498E+05
 it=         872
 0.5853E+05 0.6341E+05
 it=         873
 0.6082E+05 0.6404E+05
 it=         874
 0.6324E+05 0.6528E+05
 it=         875
 0.6651E+05 0.6779E+05
 it=         876
 0.6940E+05 0.7010E+05
 it=         877
 0.7214E+05 0.7227E+05
 it=         878
 0.7414E+05 0.7337E+05
 it=         879
 0.7574E+05 0.7426E+05
 it=         880
 0.7688E+05 0.7506E+05
 it=         881
 0.7741E+05 0.7582E+05
 it=         882
 0.7744E+05 0.7657E+05
 it=         883
 0.7686E+05 0.7685E+05
 it=         884
 0.7587E+05 0.7658E+05
 it=         885
 0.7449E+05 0.7574E+05
 it=         886
 0.7277E+05 0.7419E+05
 it=         887
 0.7041E+05 0.7196E+05
 it=         888
 0.6678E+05 0.6911E+05
 it=         889
 0.6385E+05 0.6723E+05
 it=         890
 0.6107E+05 0.6409E+05
 it=         891
 0.5907E+05 0.6183E+05
 it=         892
 0.5756E+05 0.6018E+05
 it=         893
 0.5700E+05 0.6148E+05
 it=         894
 0.5824E+05 0.6349E+05
 it=         895
 0.6257E+05 0.6713E+05
 it=         896
 0.5879E+05 0.6635E+05
 it=         897
 0.5451E+05 0.6450E+05
 it=         898
 0.5288E+05 0.6299E+05
 it=         899
 0.5282E+05 0.6158E+05
 it=         900
 0.5290E+05 0.6026E+05
 it=         901
 0.5228E+05 0.5812E+05
 it=         902
 0.5051E+05 0.5601E+05
 it=         903
 0.4831E+05 0.5369E+05
 it=         904
 0.4579E+05 0.5151E+05
 it=         905
 0.4374E+05 0.5026E+05
 it=         906
 0.4262E+05 0.4987E+05
 it=         907
 0.4262E+05 0.5132E+05
 it=         908
 0.4355E+05 0.5357E+05
 it=         909
 0.4581E+05 0.5605E+05
 it=         910
 0.5126E+05 0.6042E+05
 it=         911
 0.4752E+05 0.5263E+05
 it=         912
 0.4607E+05 0.4949E+05
 it=         913
 0.4505E+05 0.4692E+05
 it=         914
 0.4501E+05 0.4556E+05
 it=         915
 0.4517E+05 0.4432E+05
 it=         916
 0.4584E+05 0.4323E+05
 it=         917
 0.4666E+05 0.4162E+05
 it=         918
 0.4765E+05 0.3997E+05
 it=         919
 0.4924E+05 0.3896E+05
 it=         920
 0.5138E+05 0.3890E+05
 it=         921
 0.5348E+05 0.4034E+05
 it=         922
 0.5604E+05 0.4330E+05
 it=         923
 0.6040E+05 0.4909E+05
 it=         924
 0.5908E+05 0.5114E+05
 it=         925
 0.5649E+05 0.5207E+05
 it=         926
 0.5338E+05 0.5260E+05
 it=         927
 0.5001E+05 0.5270E+05
 it=         928
 0.4771E+05 0.5283E+05
 it=         929
 0.4582E+05 0.5269E+05
 it=         930
 0.4573E+05 0.5289E+05
 it=         931
 0.4676E+05 0.5321E+05
 it=         932
 0.4878E+05 0.5382E+05
 it=         933
 0.5192E+05 0.5495E+05
 it=         934
 0.5632E+05 0.5765E+05
 it=         935
 0.5984E+05 0.5967E+05
 it=         936
 0.6336E+05 0.6169E+05
 it=         937
 0.6632E+05 0.6308E+05
 it=         938
 0.6873E+05 0.6617E+05
 it=         939
 0.7077E+05 0.6539E+05
 it=         940
 0.7169E+05 0.6535E+05
 it=         941
 0.7082E+05 0.6403E+05
 it=         942
 0.6787E+05 0.6218E+05
 it=         943
 0.6305E+05 0.5937E+05
 it=         944
 0.5711E+05 0.5679E+05
 it=         945
 0.5125E+05 0.5456E+05
 it=         946
 0.4606E+05 0.5235E+05
 it=         947
 0.4214E+05 0.5044E+05
 it=         948
 0.3982E+05 0.4885E+05
 it=         949
 0.4002E+05 0.4829E+05
 it=         950
 0.4582E+05 0.5150E+05
 it=         951
 0.4954E+05 0.5387E+05
 it=         952
 0.5266E+05 0.5671E+05
 it=         953
 0.5560E+05 0.5924E+05
 it=         954
 0.5795E+05 0.6047E+05
 it=         955
 0.6028E+05 0.6198E+05
 it=         956
 0.6229E+05 0.6345E+05
 it=         957
 0.6395E+05 0.6461E+05
 it=         958
 0.6492E+05 0.6550E+05
 it=         959
 0.6499E+05 0.6599E+05
 it=         960
 0.6410E+05 0.6585E+05
 it=         961
 0.6173E+05 0.6368E+05
 it=         962
 0.5804E+05 0.6035E+05
 it=         963
 0.5343E+05 0.5633E+05
 it=         964
 0.4837E+05 0.5197E+05
 it=         965
 0.4361E+05 0.4788E+05
 it=         966
 0.3947E+05 0.4449E+05
 it=         967
 0.3654E+05 0.4186E+05
 it=         968
 0.3535E+05 0.4021E+05
 it=         969
 0.3654E+05 0.4321E+05
 it=         970
 0.4108E+05 0.4563E+05
 it=         971
 0.4609E+05 0.4923E+05
 it=         972
 0.5061E+05 0.5348E+05
 it=         973
 0.5402E+05 0.5581E+05
 it=         974
 0.5718E+05 0.5774E+05
 it=         975
 0.5978E+05 0.6048E+05
 it=         976
 0.6184E+05 0.6286E+05
 it=         977
 0.6308E+05 0.6470E+05
 it=         978
 0.6320E+05 0.6559E+05
 it=         979
 0.6207E+05 0.6511E+05
 it=         980
 0.5971E+05 0.6304E+05
 it=         981
 0.5632E+05 0.5954E+05
 it=         982
 0.5205E+05 0.5511E+05
 it=         983
 0.4719E+05 0.5022E+05
 it=         984
 0.4238E+05 0.4566E+05
 it=         985
 0.3795E+05 0.4178E+05
 it=         986
 0.3497E+05 0.3955E+05
 it=         987
 0.3517E+05 0.4041E+05
 it=         988
 0.3560E+05 0.4060E+05
 it=         989
 0.3595E+05 0.4289E+05
 it=         990
 0.3809E+05 0.4558E+05
 it=         991
 0.4064E+05 0.4875E+05
 it=         992
 0.4505E+05 0.5109E+05
 it=         993
 0.4667E+05 0.5191E+05
 it=         994
 0.4723E+05 0.5209E+05
 it=         995
 0.4761E+05 0.5178E+05
 it=         996
 0.4846E+05 0.5228E+05
 it=         997
 0.4942E+05 0.5303E+05
 it=         998
 0.5017E+05 0.5325E+05
 it=         999
 0.5068E+05 0.5338E+05
 it=        1000
 0.5109E+05 0.5318E+05
 it=        1001
 0.5132E+05 0.5245E+05
 it=        1002
 0.5117E+05 0.5110E+05
 it=        1003
 0.5040E+05 0.4951E+05
 it=        1004
 0.4922E+05 0.4872E+05
 it=        1005
 0.4821E+05 0.4926E+05
 it=        1006
 0.4696E+05 0.4980E+05
 it=        1007
 0.4618E+05 0.4938E+05
 it=        1008
 0.4498E+05 0.4954E+05
 it=        1009
 0.4459E+05 0.5062E+05
 it=        1010
 0.4480E+05 0.5181E+05
 it=        1011
 0.4571E+05 0.5283E+05
 it=        1012
 0.4721E+05 0.5373E+05
 it=        1013
 0.4922E+05 0.5464E+05
 it=        1014
 0.5043E+05 0.5473E+05
 it=        1015
 0.5070E+05 0.5421E+05
 it=        1016
 0.5039E+05 0.5356E+05
 it=        1017
 0.4967E+05 0.5288E+05
 it=        1018
 0.4879E+05 0.5193E+05
 it=        1019
 0.4765E+05 0.5045E+05
 it=        1020
 0.4633E+05 0.4874E+05
 it=        1021
 0.4497E+05 0.4751E+05
 it=        1022
 0.4401E+05 0.4739E+05
 it=        1023
 0.4300E+05 0.4763E+05
 it=        1024
 0.4273E+05 0.4770E+05
 it=        1025
 0.4258E+05 0.4706E+05
 it=        1026
 0.4269E+05 0.4730E+05
 it=        1027
 0.4329E+05 0.4907E+05
 it=        1028
 0.4386E+05 0.4895E+05
 it=        1029
 0.4496E+05 0.4850E+05
 it=        1030
 0.4564E+05 0.4822E+05
 it=        1031
 0.4702E+05 0.4820E+05
 it=        1032
 0.4634E+05 0.4738E+05
 it=        1033
 0.4610E+05 0.4705E+05
 it=        1034
 0.4475E+05 0.4663E+05
 it=        1035
 0.4403E+05 0.4664E+05
 it=        1036
 0.4335E+05 0.4674E+05
 it=        1037
 0.4306E+05 0.4652E+05
 it=        1038
 0.4269E+05 0.4623E+05
 it=        1039
 0.4242E+05 0.4646E+05
 it=        1040
 0.4185E+05 0.4672E+05
 it=        1041
 0.4117E+05 0.4658E+05
 it=        1042
 0.4102E+05 0.4622E+05
 it=        1043
 0.4123E+05 0.4600E+05
 it=        1044
 0.4148E+05 0.4631E+05
 it=        1045
 0.4189E+05 0.4728E+05
 it=        1046
 0.4263E+05 0.4833E+05
 it=        1047
 0.4362E+05 0.4968E+05
 it=        1048
 0.4495E+05 0.5029E+05
 it=        1049
 0.4628E+05 0.5052E+05
 it=        1050
 0.4612E+05 0.5004E+05
 it=        1051
 0.4579E+05 0.4966E+05
 it=        1052
 0.4530E+05 0.4929E+05
 it=        1053
 0.4492E+05 0.4861E+05
 it=        1054
 0.4474E+05 0.4729E+05
 it=        1055
 0.4405E+05 0.4503E+05
 it=        1056
 0.4253E+05 0.4218E+05
 it=        1057
 0.4033E+05 0.3935E+05
 it=        1058
 0.3834E+05 0.3873E+05
 it=        1059
 0.3522E+05 0.3522E+05
 it=        1060
 0.3247E+05 0.3133E+05
 it=        1061
 0.3083E+05 0.2774E+05
 it=        1062
 0.2941E+05 0.2533E+05
 it=        1063
 0.2932E+05 0.2587E+05
 it=        1064
 0.3039E+05 0.2741E+05
 it=        1065
 0.3250E+05 0.3095E+05
 it=        1066
 0.3487E+05 0.3428E+05
 it=        1067
 0.3754E+05 0.3785E+05
 it=        1068
 0.3887E+05 0.4136E+05
 it=        1069
 0.4001E+05 0.4517E+05
 it=        1070
 0.4173E+05 0.4874E+05
 it=        1071
 0.4318E+05 0.5138E+05
 it=        1072
 0.4415E+05 0.5263E+05
 it=        1073
 0.4415E+05 0.5220E+05
 it=        1074
 0.4303E+05 0.5030E+05
 it=        1075
 0.4101E+05 0.4752E+05
 it=        1076
 0.3845E+05 0.4432E+05
 it=        1077
 0.3569E+05 0.4097E+05
 it=        1078
 0.3287E+05 0.3753E+05
 it=        1079
 0.3049E+05 0.3433E+05
 it=        1080
 0.2902E+05 0.3146E+05
 it=        1081
 0.2855E+05 0.3080E+05
 it=        1082
 0.3052E+05 0.3190E+05
 it=        1083
 0.3284E+05 0.3348E+05
 it=        1084
 0.3682E+05 0.3687E+05
 it=        1085
 0.4011E+05 0.4091E+05
 it=        1086
 0.4375E+05 0.4539E+05
 it=        1087
 0.4606E+05 0.4828E+05
 it=        1088
 0.4766E+05 0.5073E+05
 it=        1089
 0.4839E+05 0.5219E+05
 it=        1090
 0.4798E+05 0.5203E+05
 it=        1091
 0.4662E+05 0.5051E+05
 it=        1092
 0.4428E+05 0.4771E+05
 it=        1093
 0.4090E+05 0.4388E+05
 it=        1094
 0.3661E+05 0.3938E+05
 it=        1095
 0.3190E+05 0.3485E+05
 it=        1096
 0.2734E+05 0.3082E+05
 it=        1097
 0.2359E+05 0.2773E+05
 it=        1098
 0.2139E+05 0.2593E+05
 it=        1099
 0.2356E+05 0.2645E+05
 it=        1100
 0.2344E+05 0.3014E+05
 it=        1101
 0.2542E+05 0.3305E+05
 it=        1102
 0.2932E+05 0.3556E+05
 it=        1103
 0.3233E+05 0.3869E+05
 it=        1104
 0.3606E+05 0.4062E+05
 it=        1105
 0.3933E+05 0.4322E+05
 it=        1106
 0.4196E+05 0.4447E+05
 it=        1107
 0.4388E+05 0.4586E+05
 it=        1108
 0.4486E+05 0.4679E+05
 it=        1109
 0.4519E+05 0.4702E+05
 it=        1110
 0.4436E+05 0.4619E+05
 it=        1111
 0.4234E+05 0.4446E+05
 it=        1112
 0.3948E+05 0.4228E+05
 it=        1113
 0.3561E+05 0.3930E+05
 it=        1114
 0.3132E+05 0.3579E+05
 it=        1115
 0.2705E+05 0.3208E+05
 it=        1116
 0.2328E+05 0.2854E+05
 it=        1117
 0.2038E+05 0.2565E+05
 it=        1118
 0.1877E+05 0.2383E+05
 it=        1119
 0.1937E+05 0.2545E+05
 it=        1120
 0.2254E+05 0.2800E+05
 it=        1121
 0.2596E+05 0.2784E+05
 it=        1122
 0.2945E+05 0.2999E+05
 it=        1123
 0.3134E+05 0.2798E+05
 it=        1124
 0.3222E+05 0.2533E+05
 it=        1125
 0.3250E+05 0.2390E+05
 it=        1126
 0.3101E+05 0.2198E+05
 it=        1127
 0.2723E+05 0.1858E+05
 it=        1128
 0.2207E+05 0.1583E+05
 it=        1129
 0.1878E+05 0.1598E+05
 it=        1130
 0.1874E+05 0.1901E+05
 it=        1131
 0.2115E+05 0.2398E+05
 it=        1132
 0.2490E+05 0.2965E+05
 it=        1133
 0.2906E+05 0.3460E+05
 it=        1134
 0.3346E+05 0.3844E+05
 it=        1135
 0.3692E+05 0.4223E+05
 it=        1136
 0.4012E+05 0.4526E+05
 it=        1137
 0.4273E+05 0.4738E+05
 it=        1138
 0.4450E+05 0.4835E+05
 it=        1139
 0.4517E+05 0.4792E+05
 it=        1140
 0.4437E+05 0.4602E+05
 it=        1141
 0.4186E+05 0.4264E+05
 it=        1142
 0.3819E+05 0.3850E+05
 it=        1143
 0.3323E+05 0.3372E+05
 it=        1144
 0.2778E+05 0.2907E+05
 it=        1145
 0.2233E+05 0.2494E+05
 it=        1146
 0.1767E+05 0.2174E+05
 it=        1147
 0.1392E+05 0.1957E+05
 it=        1148
 0.1221E+05 0.1886E+05
 it=        1149
 0.1184E+05 0.2054E+05
 it=        1150
 0.1623E+05 0.2338E+05
 it=        1151
 0.1189E+05 0.2485E+05
 it=        1152
 0.1196E+05 0.2527E+05
 it=        1153
 0.1358E+05 0.2537E+05
 it=        1154
 0.1641E+05 0.2619E+05
 it=        1155
 0.1995E+05 0.2798E+05
 it=        1156
 0.2292E+05 0.2836E+05
 it=        1157
 0.2519E+05 0.2883E+05
 it=        1158
 0.2685E+05 0.2900E+05
 it=        1159
 0.2720E+05 0.2933E+05
 it=        1160
 0.2627E+05 0.2932E+05
 it=        1161
 0.2444E+05 0.2924E+05
 it=        1162
 0.2243E+05 0.2878E+05
 it=        1163
 0.2123E+05 0.2843E+05
 it=        1164
 0.2153E+05 0.2912E+05
 it=        1165
 0.2250E+05 0.3084E+05
 it=        1166
 0.2320E+05 0.3289E+05
 it=        1167
 0.2368E+05 0.3441E+05
 it=        1168
 0.2476E+05 0.3419E+05
 it=        1169
 0.2554E+05 0.3596E+05
 it=        1170
 0.2459E+05 0.3725E+05
 it=        1171
 0.2380E+05 0.3669E+05
 it=        1172
 0.2291E+05 0.3499E+05
 it=        1173
 0.2315E+05 0.3272E+05
 it=        1174
 0.2372E+05 0.3076E+05
 it=        1175
 0.2432E+05 0.2969E+05
 it=        1176
 0.2496E+05 0.2917E+05
 it=        1177
 0.2546E+05 0.2885E+05
 it=        1178
 0.2587E+05 0.2853E+05
 it=        1179
 0.2641E+05 0.2804E+05
 it=        1180
 0.2894E+05 0.2865E+05
 it=        1181
 0.3136E+05 0.2807E+05
 it=        1182
 0.3363E+05 0.2815E+05
 it=        1183
 0.3533E+05 0.2918E+05
 it=        1184
 0.3648E+05 0.3099E+05
 it=        1185
 0.3700E+05 0.3351E+05
 it=        1186
 0.3738E+05 0.3704E+05
 it=        1187
 0.3723E+05 0.4022E+05
 it=        1188
 0.3598E+05 0.4200E+05
 it=        1189
 0.3387E+05 0.4235E+05
 it=        1190
 0.3106E+05 0.4095E+05
 it=        1191
 0.2859E+05 0.3839E+05
 it=        1192
 0.2698E+05 0.3452E+05
 it=        1193
 0.2595E+05 0.3030E+05
 it=        1194
 0.2523E+05 0.2616E+05
 it=        1195
 0.2432E+05 0.2247E+05
 it=        1196
 0.2276E+05 0.1928E+05
 it=        1197
 0.2071E+05 0.1732E+05
 it=        1198
 0.2066E+05 0.1845E+05
 it=        1199
 0.1913E+05 0.2357E+05
 it=        1200
 0.1593E+05 0.2084E+05
 it=        1201
 0.1303E+05 0.1740E+05
 it=        1202
 0.1199E+05 0.1650E+05
 it=        1203
 0.1356E+05 0.1851E+05
 it=        1204
 0.1620E+05 0.2164E+05
 it=        1205
 0.1965E+05 0.2475E+05
 it=        1206
 0.2296E+05 0.2762E+05
 it=        1207
 0.2624E+05 0.3051E+05
 it=        1208
 0.2992E+05 0.3340E+05
 it=        1209
 0.3291E+05 0.3588E+05
 it=        1210
 0.3528E+05 0.3776E+05
 it=        1211
 0.3676E+05 0.3874E+05
 it=        1212
 0.3753E+05 0.3919E+05
 it=        1213
 0.3735E+05 0.3904E+05
 it=        1214
 0.3652E+05 0.3861E+05
 it=        1215
 0.3539E+05 0.3762E+05
 it=        1216
 0.3374E+05 0.3564E+05
 it=        1217
 0.3109E+05 0.3240E+05
 it=        1218
 0.2728E+05 0.2823E+05
 it=        1219
 0.2269E+05 0.2372E+05
 it=        1220
 0.1794E+05 0.1977E+05
 it=        1221
 0.1386E+05 0.1727E+05
 it=        1222
 0.1291E+05 0.1992E+05
 it=        1223
 0.1321E+05 0.2002E+05
 it=        1224
 0.1329E+05 0.1470E+05
 it=        1225
 0.1220E+05 0.1115E+05
 it=        1226
 0.1389E+05 0.1399E+05
 it=        1227
 0.1048E+05 0.1121E+05
 it=        1228
 0.2483E+05 0.1114E+05
 it=        1229
 0.3955E+05 0.1345E+05
 it=        1230
 0.5159E+05 0.1542E+05
 it=        1231
 0.5626E+05 0.1625E+05
 it=        1232
 0.6016E+05 0.1817E+05
 it=        1233
 0.5764E+05 0.1940E+05
 it=        1234
 0.5530E+05 0.2187E+05
 it=        1235
 0.5059E+05 0.2370E+05
 it=        1236
 0.4468E+05 0.2460E+05
 it=        1237
 0.3819E+05 0.2423E+05
 it=        1238
 0.3182E+05 0.2273E+05
 it=        1239
 0.2612E+05 0.2056E+05
 it=        1240
 0.2186E+05 0.1919E+05
 it=        1241
 0.1842E+05 0.1915E+05
 it=        1242
 0.1589E+05 0.1908E+05
 it=        1243
 0.1507E+05 0.1920E+05
 it=        1244
 0.1610E+05 0.1984E+05
 it=        1245
 0.1805E+05 0.2078E+05
 it=        1246
 0.2052E+05 0.2187E+05
 it=        1247
 0.2299E+05 0.2327E+05
 it=        1248
 0.2479E+05 0.2487E+05
 it=        1249
 0.2551E+05 0.2649E+05
 it=        1250
 0.2509E+05 0.2755E+05
 it=        1251
 0.2372E+05 0.2769E+05
 it=        1252
 0.2182E+05 0.2678E+05
 it=        1253
 0.1994E+05 0.2505E+05
 it=        1254
 0.1860E+05 0.2292E+05
 it=        1255
 0.1813E+05 0.2084E+05
 it=        1256
 0.1936E+05 0.1950E+05
 it=        1257
 0.2316E+05 0.2140E+05
 it=        1258
 0.2459E+05 0.2278E+05
 it=        1259
 0.2659E+05 0.2398E+05
 it=        1260
 0.2918E+05 0.2619E+05
 it=        1261
 0.3114E+05 0.2827E+05
 it=        1262
 0.3259E+05 0.3043E+05
 it=        1263
 0.3316E+05 0.3164E+05
 it=        1264
 0.3308E+05 0.3249E+05
 it=        1265
 0.3232E+05 0.3232E+05
 it=        1266
 0.3139E+05 0.3157E+05
 it=        1267
 0.2996E+05 0.3006E+05
 it=        1268
 0.2791E+05 0.2854E+05
 it=        1269
 0.2508E+05 0.2699E+05
 it=        1270
 0.2191E+05 0.2528E+05
 it=        1271
 0.1850E+05 0.2318E+05
 it=        1272
 0.1525E+05 0.2083E+05
 it=        1273
 0.1262E+05 0.1826E+05
 it=        1274
 0.1243E+05 0.1621E+05
 it=        1275
 0.1751E+05 0.1642E+05
 it=        1276
 0.1957E+05 0.1816E+05
 it=        1277
 0.2041E+05 0.1978E+05
 it=        1278
 0.2239E+05 0.2162E+05
 it=        1279
 0.2515E+05 0.2439E+05
 it=        1280
 0.2732E+05 0.2709E+05
 it=        1281
 0.2854E+05 0.2881E+05
 it=        1282
 0.3049E+05 0.3004E+05
 it=        1283
 0.3143E+05 0.3008E+05
 it=        1284
 0.3157E+05 0.2971E+05
 it=        1285
 0.3077E+05 0.2861E+05
 it=        1286
 0.2918E+05 0.2700E+05
 it=        1287
 0.2691E+05 0.2514E+05
 it=        1288
 0.2414E+05 0.2325E+05
 it=        1289
 0.2138E+05 0.2170E+05
 it=        1290
 0.1906E+05 0.2064E+05
 it=        1291
 0.1731E+05 0.2006E+05
 it=        1292
 0.1609E+05 0.1990E+05
 it=        1293
 0.1544E+05 0.2030E+05
 it=        1294
 0.1545E+05 0.2227E+05
 it=        1295
 0.1881E+05 0.2507E+05
 it=        1296
 0.1701E+05 0.2579E+05
 it=        1297
 0.1570E+05 0.2614E+05
 it=        1298
 0.1549E+05 0.2625E+05
 it=        1299
 0.1632E+05 0.2566E+05
 it=        1300
 0.1857E+05 0.2433E+05
 it=        1301
 0.2068E+05 0.2321E+05
 it=        1302
 0.2276E+05 0.2226E+05
 it=        1303
 0.2401E+05 0.2177E+05
 it=        1304
 0.2480E+05 0.2272E+05
 it=        1305
 0.2563E+05 0.2499E+05
 it=        1306
 0.2525E+05 0.2519E+05
 it=        1307
 0.2461E+05 0.2466E+05
 it=        1308
 0.2418E+05 0.2370E+05
 it=        1309
 0.2416E+05 0.2263E+05
 it=        1310
 0.2589E+05 0.2290E+05
 it=        1311
 0.2703E+05 0.2484E+05
 it=        1312
 0.2702E+05 0.2642E+05
 it=        1313
 0.2627E+05 0.2662E+05
 it=        1314
 0.2553E+05 0.2716E+05
 it=        1315
 0.2498E+05 0.2772E+05
 it=        1316
 0.2440E+05 0.2805E+05
 it=        1317
 0.2428E+05 0.2788E+05
 it=        1318
 0.2492E+05 0.2765E+05
 it=        1319
 0.2605E+05 0.2758E+05
 it=        1320
 0.2718E+05 0.2773E+05
 it=        1321
 0.2807E+05 0.2827E+05
 it=        1322
 0.2777E+05 0.2857E+05
 it=        1323
 0.2595E+05 0.2799E+05
 it=        1324
 0.2310E+05 0.2625E+05
 it=        1325
 0.1999E+05 0.2358E+05
 it=        1326
 0.1822E+05 0.2089E+05
 it=        1327
 0.1955E+05 0.2015E+05
 it=        1328
 0.2132E+05 0.2139E+05
 it=        1329
 0.2391E+05 0.2434E+05
 it=        1330
 0.2690E+05 0.2729E+05
 it=        1331
 0.2748E+05 0.2823E+05
 it=        1332
 0.2790E+05 0.2945E+05
 it=        1333
 0.2826E+05 0.3083E+05
 it=        1334
 0.2832E+05 0.3169E+05
 it=        1335
 0.2808E+05 0.3117E+05
 it=        1336
 0.2762E+05 0.2973E+05
 it=        1337
 0.2706E+05 0.2810E+05
 it=        1338
 0.2646E+05 0.2711E+05
 it=        1339
 0.2547E+05 0.2701E+05
 it=        1340
 0.2384E+05 0.2719E+05
 it=        1341
 0.2137E+05 0.2674E+05
 it=        1342
 0.1818E+05 0.2521E+05
 it=        1343
 0.1480E+05 0.2296E+05
 it=        1344
 0.1166E+05 0.2013E+05
 it=        1345
 0.9621E+04 0.1746E+05
 it=        1346
 0.1166E+05 0.1767E+05
 it=        1347
 0.1580E+05 0.2017E+05
 it=        1348
 0.1827E+05 0.2238E+05
 it=        1349
 0.2028E+05 0.2378E+05
 it=        1350
 0.2280E+05 0.2555E+05
 it=        1351
 0.2583E+05 0.2770E+05
 it=        1352
 0.2884E+05 0.2975E+05
 it=        1353
 0.3148E+05 0.3167E+05
 it=        1354
 0.3342E+05 0.3301E+05
 it=        1355
 0.3475E+05 0.3388E+05
 it=        1356
 0.3507E+05 0.3388E+05
 it=        1357
 0.3385E+05 0.3320E+05
 it=        1358
 0.3086E+05 0.3177E+05
 it=        1359
 0.2653E+05 0.2944E+05
 it=        1360
 0.2143E+05 0.2634E+05
 it=        1361
 0.1617E+05 0.2275E+05
 it=        1362
 0.1123E+05 0.1900E+05
 it=        1363
 0.7103E+04 0.1559E+05
 it=        1364
 0.4392E+04 0.1276E+05
 it=        1365
 0.3607E+04 0.1102E+05
 it=        1366
 0.5041E+04 0.1249E+05
 it=        1367
 0.7328E+04 0.7844E+04
 it=        1368
 0.1005E+05 0.1106E+05
 it=        1369
 0.2070E+05 0.2032E+05
 it=        1370
 0.2756E+05 0.2551E+05
 it=        1371
 0.3214E+05 0.2899E+05
 it=        1372
 0.3206E+05 0.2910E+05
 it=        1373
 0.3138E+05 0.2823E+05
 it=        1374
 0.2662E+05 0.2533E+05
 it=        1375
 0.2371E+05 0.2356E+05
 it=        1376
 0.2409E+05 0.2303E+05
 it=        1377
 0.2447E+05 0.2197E+05
 it=        1378
 0.2319E+05 0.2020E+05
 it=        1379
 0.2000E+05 0.1831E+05
 it=        1380
 0.1637E+05 0.1742E+05
 it=        1381
 0.1376E+05 0.1751E+05
 it=        1382
 0.1272E+05 0.1814E+05
 it=        1383
 0.1389E+05 0.1898E+05
 it=        1384
 0.1674E+05 0.1988E+05
 it=        1385
 0.2011E+05 0.2086E+05
 it=        1386
 0.2304E+05 0.2184E+05
 it=        1387
 0.2521E+05 0.2308E+05
 it=        1388
 0.2640E+05 0.2487E+05
 it=        1389
 0.2641E+05 0.2629E+05
 it=        1390
 0.2571E+05 0.2681E+05
 it=        1391
 0.2476E+05 0.2713E+05
 it=        1392
 0.2437E+05 0.2746E+05
 it=        1393
 0.2444E+05 0.2784E+05
 it=        1394
 0.2466E+05 0.2774E+05
 it=        1395
 0.2410E+05 0.2692E+05
 it=        1396
 0.2234E+05 0.2545E+05
 it=        1397
 0.1893E+05 0.2363E+05
 it=        1398
 0.1489E+05 0.2177E+05
 it=        1399
 0.1277E+05 0.2068E+05
 it=        1400
 0.1587E+05 0.2049E+05
 it=        1401
 0.1798E+05 0.1972E+05
 it=        1402
 0.1969E+05 0.1876E+05
 it=        1403
 0.2046E+05 0.1755E+05
 it=        1404
 0.2005E+05 0.1621E+05
 it=        1405
 0.1805E+05 0.1477E+05
 it=        1406
 0.1558E+05 0.1509E+05
 it=        1407
 0.1370E+05 0.1374E+05
 it=        1408
 0.1201E+05 0.1206E+05
 it=        1409
 0.1178E+05 0.1192E+05
 it=        1410
 0.1235E+05 0.1333E+05
 it=        1411
 0.1360E+05 0.1538E+05
 it=        1412
 0.1439E+05 0.1720E+05
 it=        1413
 0.1506E+05 0.1923E+05
 it=        1414
 0.1576E+05 0.2129E+05
 it=        1415
 0.1684E+05 0.2272E+05
 it=        1416
 0.1994E+05 0.2409E+05
 it=        1417
 0.1811E+05 0.2337E+05
 it=        1418
 0.1640E+05 0.2261E+05
 it=        1419
 0.1439E+05 0.2201E+05
 it=        1420
 0.1257E+05 0.2206E+05
 it=        1421
 0.1081E+05 0.2250E+05
 it=        1422
 0.1012E+05 0.2282E+05
 it=        1423
 0.1102E+05 0.2228E+05
 it=        1424
 0.1284E+05 0.1950E+05
 it=        1425
 0.1384E+05 0.1682E+05
 it=        1426
 0.1588E+05 0.1641E+05
 it=        1427
 0.1543E+05 0.1405E+05
 it=        1428
 0.1495E+05 0.1295E+05
 it=        1429
 0.1423E+05 0.1359E+05
 it=        1430
 0.1431E+05 0.1556E+05
 it=        1431
 0.1477E+05 0.1740E+05
 it=        1432
 0.1542E+05 0.1869E+05
 it=        1433
 0.1636E+05 0.2023E+05
 it=        1434
 0.1709E+05 0.2150E+05
 it=        1435
 0.1710E+05 0.2197E+05
