           1          -1          62          -1           0          -1
           1         245         246
           2         246         247
           3         247         248
           4         248         249
           5         249         250
           6         250         251
           7         251         252
           8         252         253
           9         253         254
          10         254         255
          11         255         256
          12         256         257
          13         257         258
          14         258         259
          15         259         260
          16         260         261
          17         261         262
          18         262         263
          19         263         264
          20         264           1
          21           1           2
          22           2        1465
          23        1465        1466
          24        1466        1467
          25        1467        1468
          26        1468        1469
          27        1469        1470
          28        1470        1471
          29        1471        1472
          30        1472        1473
          31        1473        1474
          32        1474        1475
          33        1475        1476
          34        1476        1477
          35        1477        1478
          36        1478        1479
          37        1479        1480
          38        1480        1481
          39        1481        1482
          40        1482        1483
          41        1483         123
          42         123         124
          43         124        2625
          44        2625        2626
          45        2626        2627
          46        2627        2628
          47        2628        2629
          48        2629        2630
          49        2630        2631
          50        2631        2632
          51        2632        2633
          52        2633        2634
          53        2634        2635
          54        2635        2636
          55        2636        2637
          56        2637        2638
          57        2638        2639
          58        2639        2640
          59        2640        2641
          60        2641        2642
          61        2642        2643
          62        2643        2624
           2          -1          60          -1          -1          -1
           1        2624        2644
           2        2644        2645
           3        2645        2646
           4        2646        2647
           5        2647        2648
           6        2648        2649
           7        2649        2650
           8        2650        2651
           9        2651        2652
          10        2652        2653
          11        2653        2654
          12        2654        2655
          13        2655        2656
          14        2656        2657
          15        2657        2658
          16        2658        2659
          17        2659        2660
          18        2660        2661
          19        2661        2662
          20        2662        2663
          21        2663        2664
          22        2664        2665
          23        2665        2666
          24        2666        2667
          25        2667        2668
          26        2668        2669
          27        2669        2670
          28        2670        2671
          29        2671        2672
          30        2672        2673
          31        2673        2674
          32        2674        2675
          33        2675        2676
          34        2676        2677
          35        2677        2678
          36        2678        2679
          37        2679        2680
          38        2680        2681
          39        2681        2682
          40        2682        2683
          41        2683        2684
          42        2684        2685
          43        2685        2686
          44        2686        2687
          45        2687        2688
          46        2688        2689
          47        2689        2690
          48        2690        2691
          49        2691        2692
          50        2692        2693
          51        2693        2694
          52        2694        2695
          53        2695        2696
          54        2696        2697
          55        2697        2698
          56        2698        2699
          57        2699        2700
          58        2700        2701
          59        2701        2702
          60        2702        2703
           3          -1          62          -1           0          -1
           1         265         284
           2         284         283
           3         283         282
           4         282         281
           5         281         280
           6         280         279
           7         279         278
           8         278         277
           9         277         276
          10         276         275
          11         275         274
          12         274         273
          13         273         272
          14         272         271
          15         271         270
          16         270         269
          17         269         268
          18         268         267
          19         267         266
          20         266          63
          21          63           3
          22           3        1502
          23        1502        1501
          24        1501        1500
          25        1500        1499
          26        1499        1498
          27        1498        1497
          28        1497        1496
          29        1496        1495
          30        1495        1494
          31        1494        1493
          32        1493        1492
          33        1492        1491
          34        1491        1490
          35        1490        1489
          36        1489        1488
          37        1488        1487
          38        1487        1486
          39        1486        1485
          40        1485        1484
          41        1484         185
          42         185         125
          43         125        2722
          44        2722        2721
          45        2721        2720
          46        2720        2719
          47        2719        2718
          48        2718        2717
          49        2717        2716
          50        2716        2715
          51        2715        2714
          52        2714        2713
          53        2713        2712
          54        2712        2711
          55        2711        2710
          56        2710        2709
          57        2709        2708
          58        2708        2707
          59        2707        2706
          60        2706        2705
          61        2705        2704
          62        2704        2644
           4          -1          60          -1          -1          -1
           1         245         265
           2         265         285
           3         285         286
           4         286         287
           5         287         288
           6         288         289
           7         289         290
           8         290         291
           9         291         292
          10         292         293
          11         293         294
          12         294         295
          13         295         296
          14         296         297
          15         297         298
          16         298         299
          17         299         300
          18         300         301
          19         301         302
          20         302         303
          21         303         304
          22         304         305
          23         305         306
          24         306         307
          25         307         308
          26         308         309
          27         309         310
          28         310         311
          29         311         312
          30         312         313
          31         313         314
          32         314         315
          33         315         316
          34         316         317
          35         317         318
          36         318         319
          37         319         320
          38         320         321
          39         321         322
          40         322         323
          41         323         324
          42         324         325
          43         325         326
          44         326         327
          45         327         328
          46         328         329
          47         329         330
          48         330         331
          49         331         332
          50         332         333
          51         333         334
          52         334         335
          53         335         336
          54         336         337
          55         337         338
          56         338         339
          57         339         340
          58         340         341
          59         341         342
          60         342         343
