           4
           1          -1          46          -1           0          -1
           1        2704        2710
           2        2710        2709
           3        2709        2708
           4        2708        2707
           5        2707        2706
           6        2706        2705
           7        2705         655
           8         655         634
           9         634        3005
          10        3005        3004
          11        3004        3003
          12        3003        3002
          13        3002         593
          14         593         588
          15         588        3152
          16        3152         147
          17         147         141
          18         141        1194
          19        1194        1195
          20        1195        1196
          21        1196        1197
          22        1197        1198
          23        1198        1199
          24        1199        1200
          25        1200        1201
          26        1201        1202
          27        1202        1203
          28        1203        1204
          29        1204        1205
          30        1205        1206
          31        1206        1207
          32        1207        1208
          33        1208        1209
          34        1209        1210
          35        1210        1211
          36        1211        1212
          37        1212        1213
          38        1213        1214
          39        1214        1215
          40        1215        1216
          41        1216        1217
          42        1217        1218
          43        1218        1219
          44        1219        1220
          45        1220        1221
          46        1221        1169
           2          -1          67          -1          -1          -1
           1         263         278
           2         278         676
           3         676         686
           4         686         687
           5         687         688
           6         688         689
           7         689         690
           8         690         691
           9         691         692
          10         692         693
          11         693         694
          12         694         695
          13         695         696
          14         696         697
          15         697         698
          16         698         699
          17         699         700
          18         700         701
          19         701         702
          20         702         703
          21         703         704
          22         704         705
          23         705         706
          24         706         707
          25         707         708
          26         708         709
          27         709         710
          28         710         711
          29         711         712
          30         712         713
          31         713         714
          32         714         715
          33         715         716
          34         716         717
          35         717         718
          36         718         719
          37         719         720
          38         720         721
          39         721         722
          40         722         723
          41         723         724
          42         724         725
          43         725        1169
          44        1169        1170
          45        1170        1171
          46        1171        1172
          47        1172        1173
          48        1173        1174
          49        1174        1175
          50        1175        1176
          51        1176        1177
          52        1177        1178
          53        1178        1179
          54        1179        1180
          55        1180        1181
          56        1181        1182
          57        1182        1183
          58        1183        1184
          59        1184        1185
          60        1185        1186
          61        1186        1187
          62        1187        1188
          63        1188        1189
          64        1189        1190
          65        1190        1191
          66        1191        1192
          67        1192        1193
           3          -1          40          -1           0          -1
           1        1914        1923
           2        1923        1922
           3        1922        1921
           4        1921        1920
           5        1920        1919
           6        1919        1918
           7        1918        1917
           8        1917        1916
           9        1916        1915
          10        1915           1
          11           1           2
          12           2        2266
          13        2266        2267
          14        2267        2268
          15        2268        2269
          16        2269        2270
          17        2270        2271
          18        2271        2272
          19        2272        2273
          20        2273        2274
          21        2274        2275
          22        2275        2276
          23        2276        2277
          24        2277        2278
          25        2278        2279
          26        2279        2280
          27        2280         393
          28         393         394
          29         394         395
          30         395         378
          31         378         677
          32         677         678
          33         678         679
          34         679         680
          35         680         681
          36         681         682
          37         682         683
          38         683         684
          39         684         685
          40         685         676
           4          -1          44          -1          -1          -1
           1         513         522
           2         522        1914
           3        1914        1924
           4        1924        1925
           5        1925        1926
           6        1926        1927
           7        1927        1928
           8        1928        1929
           9        1929        1930
          10        1930        1931
          11        1931        1932
          12        1932        1933
          13        1933        2704
          14        2704        2711
          15        2711        2712
          16        2712        2713
          17        2713        2714
          18        2714        2715
          19        2715        2716
          20        2716        2717
          21        2717        2718
          22        2718        2719
          23        2719        2720
          24        2720        2721
          25        2721        2722
          26        2722        2723
          27        2723        2724
          28        2724        2725
          29        2725        2726
          30        2726        2727
          31        2727        2728
          32        2728        2729
          33        2729        2730
          34        2730        2731
          35        2731        2732
          36        2732        2733
          37        2733        2734
          38        2734        2735
          39        2735        2736
          40        2736        2737
          41        2737        2738
          42        2738        2739
          43        2739        2740
          44        2740        2741
