 it=        1025
 0.3431E+05 0.5200E+05
 it=        1026
 0.3416E+05 0.5186E+05
 it=        1027
 0.3401E+05 0.5172E+05
 it=        1028
 0.3386E+05 0.5159E+05
 it=        1029
 0.3371E+05 0.5146E+05
 it=        1030
 0.3356E+05 0.5132E+05
 it=        1031
 0.3342E+05 0.5119E+05
 it=        1032
 0.3327E+05 0.5106E+05
 it=        1033
 0.3313E+05 0.5093E+05
 it=        1034
 0.3298E+05 0.5081E+05
 it=        1035
 0.3284E+05 0.5068E+05
 it=        1036
 0.3270E+05 0.5055E+05
 it=        1037
 0.3256E+05 0.5043E+05
 it=        1038
 0.3242E+05 0.5030E+05
 it=        1039
 0.3229E+05 0.5018E+05
 it=        1040
 0.3215E+05 0.5006E+05
 it=        1041
 0.3201E+05 0.4994E+05
 it=        1042
 0.3188E+05 0.4982E+05
 it=        1043
 0.3175E+05 0.4970E+05
 it=        1044
 0.3161E+05 0.4958E+05
 it=        1045
 0.3148E+05 0.4946E+05
 it=        1046
 0.3135E+05 0.4935E+05
 it=        1047
 0.3122E+05 0.4923E+05
 it=        1048
 0.3109E+05 0.4912E+05
 it=        1049
 0.3097E+05 0.4900E+05
 it=        1050
 0.3084E+05 0.4889E+05
 it=        1051
 0.3072E+05 0.4878E+05
 it=        1052
 0.3059E+05 0.4867E+05
 it=        1053
 0.3047E+05 0.4856E+05
 it=        1054
 0.3034E+05 0.4845E+05
 it=        1055
 0.3022E+05 0.4834E+05
 it=        1056
 0.3010E+05 0.4823E+05
 it=        1057
 0.2998E+05 0.4812E+05
 it=        1058
 0.2986E+05 0.4802E+05
 it=        1059
 0.2975E+05 0.4791E+05
 it=        1060
 0.2963E+05 0.4781E+05
 it=        1061
 0.2951E+05 0.4771E+05
 it=        1062
 0.2940E+05 0.4760E+05
 it=        1063
 0.2928E+05 0.4750E+05
 it=        1064
 0.2917E+05 0.4740E+05
 it=        1065
 0.2906E+05 0.4730E+05
 it=        1066
 0.2895E+05 0.4720E+05
 it=        1067
 0.2883E+05 0.4710E+05
 it=        1068
 0.2872E+05 0.4701E+05
 it=        1069
 0.2862E+05 0.4691E+05
 it=        1070
 0.2851E+05 0.4681E+05
 it=        1071
 0.2840E+05 0.4672E+05
 it=        1072
 0.2829E+05 0.4662E+05
 it=        1073
 0.2819E+05 0.4653E+05
 it=        1074
 0.2808E+05 0.4644E+05
 it=        1075
 0.2798E+05 0.4634E+05
 it=        1076
 0.2787E+05 0.4625E+05
 it=        1077
 0.2777E+05 0.4616E+05
 it=        1078
 0.2767E+05 0.4607E+05
 it=        1079
 0.2757E+05 0.4598E+05
 it=        1080
 0.2747E+05 0.4589E+05
 it=        1081
 0.2737E+05 0.4581E+05
 it=        1082
 0.2727E+05 0.4572E+05
 it=        1083
 0.2717E+05 0.4563E+05
 it=        1084
 0.2707E+05 0.4555E+05
 it=        1085
 0.2698E+05 0.4546E+05
 it=        1086
 0.2688E+05 0.4538E+05
 it=        1087
 0.2679E+05 0.4529E+05
 it=        1088
 0.2669E+05 0.4521E+05
 it=        1089
 0.2660E+05 0.4513E+05
 it=        1090
 0.2651E+05 0.4505E+05
 it=        1091
 0.2641E+05 0.4497E+05
 it=        1092
 0.2632E+05 0.4489E+05
 it=        1093
 0.2623E+05 0.4481E+05
 it=        1094
 0.2614E+05 0.4473E+05
 it=        1095
 0.2605E+05 0.4465E+05
 it=        1096
 0.2596E+05 0.4457E+05
 it=        1097
 0.2587E+05 0.4449E+05
 it=        1098
 0.2579E+05 0.4442E+05
 it=        1099
 0.2570E+05 0.4434E+05
 it=        1100
 0.2561E+05 0.4426E+05
 it=        1101
 0.2553E+05 0.4419E+05
 it=        1102
 0.2544E+05 0.4412E+05
 it=        1103
 0.2536E+05 0.4404E+05
 it=        1104
 0.2528E+05 0.4397E+05
 it=        1105
 0.2519E+05 0.4390E+05
 it=        1106
 0.2511E+05 0.4382E+05
 it=        1107
 0.2503E+05 0.4375E+05
 it=        1108
 0.2495E+05 0.4368E+05
 it=        1109
 0.2487E+05 0.4361E+05
 it=        1110
 0.2479E+05 0.4354E+05
 it=        1111
 0.2471E+05 0.4347E+05
 it=        1112
 0.2463E+05 0.4340E+05
 it=        1113
 0.2455E+05 0.4334E+05
 it=        1114
 0.2447E+05 0.4327E+05
 it=        1115
 0.2440E+05 0.4320E+05
 it=        1116
 0.2432E+05 0.4314E+05
 it=        1117
 0.2425E+05 0.4307E+05
 it=        1118
 0.2417E+05 0.4300E+05
 it=        1119
 0.2410E+05 0.4294E+05
 it=        1120
 0.2402E+05 0.4288E+05
 it=        1121
 0.2395E+05 0.4281E+05
 it=        1122
 0.2388E+05 0.4275E+05
 it=        1123
 0.2380E+05 0.4269E+05
 it=        1124
 0.2373E+05 0.4262E+05
 it=        1125
 0.2366E+05 0.4256E+05
 it=        1126
 0.2359E+05 0.4250E+05
 it=        1127
 0.2352E+05 0.4244E+05
 it=        1128
 0.2345E+05 0.4238E+05
 it=        1129
 0.2338E+05 0.4232E+05
 it=        1130
 0.2331E+05 0.4226E+05
 it=        1131
 0.2325E+05 0.4220E+05
 it=        1132
 0.2318E+05 0.4214E+05
 it=        1133
 0.2311E+05 0.4209E+05
 it=        1134
 0.2305E+05 0.4203E+05
 it=        1135
 0.2298E+05 0.4197E+05
 it=        1136
 0.2291E+05 0.4191E+05
 it=        1137
 0.2285E+05 0.4186E+05
 it=        1138
 0.2278E+05 0.4180E+05
 it=        1139
 0.2272E+05 0.4175E+05
 it=        1140
 0.2266E+05 0.4169E+05
 it=        1141
 0.2259E+05 0.4164E+05
 it=        1142
 0.2253E+05 0.4158E+05
 it=        1143
 0.2247E+05 0.4153E+05
 it=        1144
 0.2241E+05 0.4148E+05
 it=        1145
 0.2235E+05 0.4143E+05
 it=        1146
 0.2229E+05 0.4137E+05
 it=        1147
 0.2223E+05 0.4132E+05
 it=        1148
 0.2217E+05 0.4127E+05
 it=        1149
 0.2211E+05 0.4122E+05
 it=        1150
 0.2205E+05 0.4117E+05
 it=        1151
 0.2199E+05 0.4112E+05
 it=        1152
 0.2193E+05 0.4107E+05
 it=        1153
 0.2188E+05 0.4102E+05
 it=        1154
 0.2182E+05 0.4097E+05
 it=        1155
 0.2176E+05 0.4092E+05
 it=        1156
 0.2171E+05 0.4087E+05
 it=        1157
 0.2165E+05 0.4083E+05
 it=        1158
 0.2159E+05 0.4078E+05
 it=        1159
 0.2154E+05 0.4073E+05
 it=        1160
 0.2149E+05 0.4069E+05
 it=        1161
 0.2143E+05 0.4064E+05
 it=        1162
 0.2138E+05 0.4059E+05
 it=        1163
 0.2132E+05 0.4055E+05
 it=        1164
 0.2127E+05 0.4050E+05
 it=        1165
 0.2122E+05 0.4046E+05
 it=        1166
 0.2117E+05 0.4041E+05
 it=        1167
 0.2112E+05 0.4037E+05
 it=        1168
 0.2106E+05 0.4033E+05
 it=        1169
 0.2101E+05 0.4028E+05
 it=        1170
 0.2096E+05 0.4024E+05
 it=        1171
 0.2091E+05 0.4020E+05
 it=        1172
 0.2086E+05 0.4015E+05
 it=        1173
 0.2081E+05 0.4011E+05
 it=        1174
 0.2076E+05 0.4007E+05
 it=        1175
 0.2072E+05 0.4003E+05
 it=        1176
 0.2067E+05 0.3999E+05
 it=        1177
 0.2062E+05 0.3995E+05
 it=        1178
 0.2057E+05 0.3991E+05
 it=        1179
 0.2052E+05 0.3987E+05
 it=        1180
 0.2048E+05 0.3983E+05
 it=        1181
 0.2043E+05 0.3979E+05
 it=        1182
 0.2039E+05 0.3975E+05
 it=        1183
 0.2034E+05 0.3971E+05
 it=        1184
 0.2029E+05 0.3967E+05
 it=        1185
 0.2025E+05 0.3963E+05
 it=        1186
 0.2020E+05 0.3960E+05
 it=        1187
 0.2016E+05 0.3956E+05
 it=        1188
 0.2012E+05 0.3952E+05
 it=        1189
 0.2007E+05 0.3948E+05
 it=        1190
 0.2003E+05 0.3945E+05
 it=        1191
 0.1999E+05 0.3941E+05
 it=        1192
 0.1994E+05 0.3937E+05
 it=        1193
 0.1990E+05 0.3934E+05
 it=        1194
 0.1986E+05 0.3930E+05
 it=        1195
 0.1982E+05 0.3927E+05
 it=        1196
 0.1978E+05 0.3923E+05
 it=        1197
 0.1973E+05 0.3920E+05
 it=        1198
 0.1969E+05 0.3916E+05
 it=        1199
 0.1965E+05 0.3913E+05
 it=        1200
 0.1961E+05 0.3909E+05
 it=        1201
 0.1957E+05 0.3906E+05
 it=        1202
 0.1953E+05 0.3903E+05
 it=        1203
 0.1949E+05 0.3899E+05
 it=        1204
 0.1945E+05 0.3896E+05
 it=        1205
 0.1942E+05 0.3893E+05
 it=        1206
 0.1938E+05 0.3890E+05
 it=        1207
 0.1934E+05 0.3886E+05
 it=        1208
 0.1930E+05 0.3883E+05
 it=        1209
 0.1926E+05 0.3880E+05
 it=        1210
 0.1923E+05 0.3877E+05
 it=        1211
 0.1919E+05 0.3874E+05
 it=        1212
 0.1915E+05 0.3871E+05
 it=        1213
 0.1912E+05 0.3868E+05
 it=        1214
 0.1908E+05 0.3865E+05
 it=        1215
 0.1904E+05 0.3862E+05
 it=        1216
 0.1901E+05 0.3859E+05
 it=        1217
 0.1897E+05 0.3856E+05
 it=        1218
 0.1894E+05 0.3853E+05
 it=        1219
 0.1890E+05 0.3850E+05
 it=        1220
 0.1887E+05 0.3847E+05
 it=        1221
 0.1883E+05 0.3844E+05
 it=        1222
 0.1880E+05 0.3841E+05
 it=        1223
 0.1877E+05 0.3838E+05
 it=        1224
 0.1873E+05 0.3836E+05
 it=        1225
 0.1870E+05 0.3833E+05
 it=        1226
 0.1867E+05 0.3830E+05
 it=        1227
 0.1863E+05 0.3827E+05
 it=        1228
 0.1860E+05 0.3825E+05
 it=        1229
 0.1857E+05 0.3822E+05
 it=        1230
 0.1854E+05 0.3819E+05
 it=        1231
 0.1850E+05 0.3817E+05
 it=        1232
 0.1847E+05 0.3814E+05
 it=        1233
 0.1844E+05 0.3811E+05
 it=        1234
 0.1841E+05 0.3809E+05
 it=        1235
 0.1838E+05 0.3806E+05
 it=        1236
 0.1835E+05 0.3804E+05
 it=        1237
 0.1832E+05 0.3801E+05
 it=        1238
 0.1829E+05 0.3799E+05
 it=        1239
 0.1826E+05 0.3796E+05
 it=        1240
 0.1823E+05 0.3794E+05
 it=        1241
 0.1820E+05 0.3791E+05
 it=        1242
 0.1817E+05 0.3789E+05
 it=        1243
 0.1814E+05 0.3786E+05
 it=        1244
 0.1811E+05 0.3784E+05
 it=        1245
 0.1808E+05 0.3782E+05
 it=        1246
 0.1805E+05 0.3779E+05
 it=        1247
 0.1802E+05 0.3777E+05
 it=        1248
 0.1800E+05 0.3775E+05
 it=        1249
 0.1797E+05 0.3772E+05
 it=        1250
 0.1794E+05 0.3770E+05
 it=        1251
 0.1791E+05 0.3768E+05
 it=        1252
 0.1789E+05 0.3765E+05
 it=        1253
 0.1786E+05 0.3763E+05
 it=        1254
 0.1783E+05 0.3761E+05
 it=        1255
 0.1781E+05 0.3759E+05
 it=        1256
 0.1778E+05 0.3757E+05
 it=        1257
 0.1775E+05 0.3754E+05
 it=        1258
 0.1773E+05 0.3752E+05
 it=        1259
 0.1770E+05 0.3750E+05
 it=        1260
 0.1767E+05 0.3748E+05
 it=        1261
 0.1765E+05 0.3746E+05
 it=        1262
 0.1762E+05 0.3744E+05
 it=        1263
 0.1760E+05 0.3742E+05
 it=        1264
 0.1757E+05 0.3740E+05
 it=        1265
 0.1755E+05 0.3738E+05
 it=        1266
 0.1752E+05 0.3736E+05
 it=        1267
 0.1750E+05 0.3734E+05
 it=        1268
 0.1748E+05 0.3732E+05
 it=        1269
 0.1745E+05 0.3730E+05
 it=        1270
 0.1743E+05 0.3728E+05
 it=        1271
 0.1740E+05 0.3726E+05
 it=        1272
 0.1738E+05 0.3724E+05
 it=        1273
 0.1736E+05 0.3722E+05
 it=        1274
 0.1733E+05 0.3720E+05
 it=        1275
 0.1731E+05 0.3718E+05
 it=        1276
 0.1729E+05 0.3716E+05
 it=        1277
 0.1727E+05 0.3714E+05
 it=        1278
 0.1724E+05 0.3713E+05
 it=        1279
 0.1722E+05 0.3711E+05
 it=        1280
 0.1720E+05 0.3709E+05
 it=        1281
 0.1718E+05 0.3707E+05
 it=        1282
 0.1716E+05 0.3705E+05
 it=        1283
 0.1713E+05 0.3704E+05
 it=        1284
 0.1711E+05 0.3702E+05
 it=        1285
 0.1709E+05 0.3700E+05
 it=        1286
 0.1707E+05 0.3698E+05
 it=        1287
 0.1705E+05 0.3697E+05
 it=        1288
 0.1703E+05 0.3695E+05
 it=        1289
 0.1701E+05 0.3693E+05
 it=        1290
 0.1699E+05 0.3692E+05
 it=        1291
 0.1697E+05 0.3690E+05
 it=        1292
 0.1695E+05 0.3688E+05
 it=        1293
 0.1693E+05 0.3687E+05
 it=        1294
 0.1691E+05 0.3685E+05
 it=        1295
 0.1689E+05 0.3683E+05
 it=        1296
 0.1687E+05 0.3682E+05
 it=        1297
 0.1685E+05 0.3680E+05
 it=        1298
 0.1683E+05 0.3679E+05
 it=        1299
 0.1681E+05 0.3677E+05
 it=        1300
 0.1679E+05 0.3676E+05
 it=        1301
 0.1677E+05 0.3674E+05
 it=        1302
 0.1675E+05 0.3673E+05
 it=        1303
 0.1673E+05 0.3671E+05
 it=        1304
 0.1671E+05 0.3669E+05
 it=        1305
 0.1670E+05 0.3668E+05
 it=        1306
 0.1668E+05 0.3667E+05
 it=        1307
 0.1666E+05 0.3665E+05
 it=        1308
 0.1664E+05 0.3664E+05
 it=        1309
 0.1662E+05 0.3662E+05
 it=        1310
 0.1661E+05 0.3661E+05
 it=        1311
 0.1659E+05 0.3659E+05
 it=        1312
 0.1657E+05 0.3658E+05
 it=        1313
 0.1655E+05 0.3656E+05
 it=        1314
 0.1654E+05 0.3655E+05
 it=        1315
 0.1652E+05 0.3654E+05
 it=        1316
 0.1650E+05 0.3652E+05
 it=        1317
 0.1649E+05 0.3651E+05
 it=        1318
 0.1647E+05 0.3650E+05
 it=        1319
 0.1645E+05 0.3648E+05
 it=        1320
 0.1644E+05 0.3647E+05
 it=        1321
 0.1642E+05 0.3646E+05
 it=        1322
 0.1640E+05 0.3644E+05
 it=        1323
 0.1639E+05 0.3643E+05
 it=        1324
 0.1637E+05 0.3642E+05
 it=        1325
 0.1636E+05 0.3640E+05
 it=        1326
 0.1634E+05 0.3639E+05
 it=        1327
 0.1632E+05 0.3638E+05
 it=        1328
 0.1631E+05 0.3637E+05
 it=        1329
 0.1629E+05 0.3635E+05
 it=        1330
 0.1628E+05 0.3634E+05
 it=        1331
 0.1626E+05 0.3633E+05
 it=        1332
 0.1625E+05 0.3632E+05
 it=        1333
 0.1623E+05 0.3630E+05
 it=        1334
 0.1622E+05 0.3629E+05
 it=        1335
 0.1620E+05 0.3628E+05
 it=        1336
 0.1619E+05 0.3627E+05
 it=        1337
 0.1617E+05 0.3626E+05
 it=        1338
 0.1616E+05 0.3625E+05
 it=        1339
 0.1614E+05 0.3623E+05
 it=        1340
 0.1613E+05 0.3622E+05
 it=        1341
 0.1612E+05 0.3621E+05
 it=        1342
 0.1610E+05 0.3620E+05
 it=        1343
 0.1609E+05 0.3619E+05
 it=        1344
 0.1607E+05 0.3618E+05
 it=        1345
 0.1606E+05 0.3617E+05
 it=        1346
 0.1605E+05 0.3616E+05
 it=        1347
 0.1603E+05 0.3615E+05
 it=        1348
 0.1602E+05 0.3613E+05
 it=        1349
 0.1601E+05 0.3612E+05
 it=        1350
 0.1599E+05 0.3611E+05
 it=        1351
 0.1598E+05 0.3610E+05
 it=        1352
 0.1597E+05 0.3609E+05
 it=        1353
 0.1595E+05 0.3608E+05
 it=        1354
 0.1594E+05 0.3607E+05
 it=        1355
 0.1593E+05 0.3606E+05
 it=        1356
 0.1592E+05 0.3605E+05
 it=        1357
 0.1590E+05 0.3604E+05
 it=        1358
 0.1589E+05 0.3603E+05
 it=        1359
 0.1588E+05 0.3602E+05
 it=        1360
 0.1587E+05 0.3601E+05
 it=        1361
 0.1585E+05 0.3600E+05
 it=        1362
 0.1584E+05 0.3599E+05
 it=        1363
 0.1583E+05 0.3598E+05
 it=        1364
 0.1582E+05 0.3597E+05
 it=        1365
 0.1581E+05 0.3596E+05
 it=        1366
 0.1580E+05 0.3595E+05
 it=        1367
 0.1578E+05 0.3594E+05
 it=        1368
 0.1577E+05 0.3594E+05
 it=        1369
 0.1576E+05 0.3593E+05
 it=        1370
 0.1575E+05 0.3592E+05
 it=        1371
 0.1574E+05 0.3591E+05
 it=        1372
 0.1573E+05 0.3590E+05
 it=        1373
 0.1572E+05 0.3589E+05
 it=        1374
 0.1570E+05 0.3588E+05
 it=        1375
 0.1569E+05 0.3587E+05
 it=        1376
 0.1568E+05 0.3586E+05
 it=        1377
 0.1567E+05 0.3586E+05
 it=        1378
 0.1566E+05 0.3585E+05
 it=        1379
 0.1565E+05 0.3584E+05
 it=        1380
 0.1564E+05 0.3583E+05
 it=        1381
 0.1563E+05 0.3582E+05
 it=        1382
 0.1562E+05 0.3581E+05
 it=        1383
 0.1561E+05 0.3580E+05
 it=        1384
 0.1560E+05 0.3580E+05
 it=        1385
 0.1559E+05 0.3579E+05
 it=        1386
 0.1558E+05 0.3578E+05
 it=        1387
 0.1557E+05 0.3577E+05
 it=        1388
 0.1556E+05 0.3576E+05
 it=        1389
 0.1555E+05 0.3576E+05
 it=        1390
 0.1554E+05 0.3575E+05
 it=        1391
 0.1553E+05 0.3574E+05
 it=        1392
 0.1552E+05 0.3573E+05
 it=        1393
 0.1551E+05 0.3573E+05
 it=        1394
 0.1550E+05 0.3572E+05
 it=        1395
 0.1549E+05 0.3571E+05
 it=        1396
 0.1548E+05 0.3570E+05
 it=        1397
 0.1547E+05 0.3570E+05
 it=        1398
 0.1546E+05 0.3569E+05
 it=        1399
 0.1545E+05 0.3568E+05
 it=        1400
 0.1544E+05 0.3567E+05
 it=        1401
 0.1543E+05 0.3567E+05
 it=        1402
 0.1543E+05 0.3566E+05
 it=        1403
 0.1542E+05 0.3565E+05
 it=        1404
 0.1541E+05 0.3564E+05
 it=        1405
 0.1540E+05 0.3564E+05
 it=        1406
 0.1539E+05 0.3563E+05
 it=        1407
 0.1538E+05 0.3562E+05
 it=        1408
 0.1537E+05 0.3562E+05
 it=        1409
 0.1536E+05 0.3561E+05
 it=        1410
 0.1536E+05 0.3560E+05
 it=        1411
 0.1535E+05 0.3560E+05
 it=        1412
 0.1534E+05 0.3559E+05
 it=        1413
 0.1533E+05 0.3558E+05
 it=        1414
 0.1532E+05 0.3558E+05
 it=        1415
 0.1531E+05 0.3557E+05
 it=        1416
 0.1531E+05 0.3556E+05
 it=        1417
 0.1530E+05 0.3556E+05
 it=        1418
 0.1529E+05 0.3555E+05
 it=        1419
 0.1528E+05 0.3554E+05
 it=        1420
 0.1527E+05 0.3554E+05
 it=        1421
 0.1527E+05 0.3553E+05
 it=        1422
 0.1526E+05 0.3553E+05
 it=        1423
 0.1525E+05 0.3552E+05
 it=        1424
 0.1524E+05 0.3551E+05
 it=        1425
 0.1523E+05 0.3551E+05
 it=        1426
 0.1523E+05 0.3550E+05
 it=        1427
 0.1522E+05 0.3550E+05
 it=        1428
 0.1521E+05 0.3549E+05
 it=        1429
 0.1520E+05 0.3548E+05
 it=        1430
 0.1520E+05 0.3548E+05
 it=        1431
 0.1519E+05 0.3547E+05
 it=        1432
 0.1518E+05 0.3547E+05
 it=        1433
 0.1518E+05 0.3546E+05
 it=        1434
 0.1517E+05 0.3545E+05
 it=        1435
 0.1516E+05 0.3545E+05
 it=        1436
 0.1515E+05 0.3544E+05
 it=        1437
 0.1515E+05 0.3544E+05
 it=        1438
 0.1514E+05 0.3543E+05
 it=        1439
 0.1513E+05 0.3543E+05
 it=        1440
 0.1513E+05 0.3542E+05
 it=        1441
 0.1512E+05 0.3542E+05
 it=        1442
 0.1511E+05 0.3541E+05
 it=        1443
 0.1511E+05 0.3541E+05
 it=        1444
 0.1510E+05 0.3540E+05
 it=        1445
 0.1509E+05 0.3540E+05
 it=        1446
 0.1509E+05 0.3539E+05
 it=        1447
 0.1508E+05 0.3538E+05
 it=        1448
 0.1507E+05 0.3538E+05
 it=        1449
 0.1507E+05 0.3537E+05
 it=        1450
 0.1506E+05 0.3537E+05
 it=        1451
 0.1506E+05 0.3536E+05
 it=        1452
 0.1505E+05 0.3536E+05
 it=        1453
 0.1504E+05 0.3535E+05
 it=        1454
 0.1504E+05 0.3535E+05
 it=        1455
 0.1503E+05 0.3535E+05
 it=        1456
 0.1502E+05 0.3534E+05
 it=        1457
 0.1502E+05 0.3534E+05
 it=        1458
 0.1501E+05 0.3533E+05
 it=        1459
 0.1501E+05 0.3533E+05
 it=        1460
 0.1500E+05 0.3532E+05
 it=        1461
 0.1499E+05 0.3532E+05
 it=        1462
 0.1499E+05 0.3531E+05
 it=        1463
 0.1498E+05 0.3531E+05
 it=        1464
 0.1498E+05 0.3530E+05
 it=        1465
 0.1497E+05 0.3530E+05
 it=        1466
 0.1497E+05 0.3529E+05
 it=        1467
 0.1496E+05 0.3529E+05
 it=        1468
 0.1495E+05 0.3529E+05
 it=        1469
 0.1495E+05 0.3528E+05
 it=        1470
 0.1494E+05 0.3528E+05
 it=        1471
 0.1494E+05 0.3527E+05
 it=        1472
 0.1493E+05 0.3527E+05
 it=        1473
 0.1493E+05 0.3526E+05
 it=        1474
 0.1492E+05 0.3526E+05
 it=        1475
 0.1492E+05 0.3526E+05
 it=        1476
 0.1491E+05 0.3525E+05
 it=        1477
 0.1491E+05 0.3525E+05
 it=        1478
 0.1490E+05 0.3524E+05
 it=        1479
 0.1490E+05 0.3524E+05
 it=        1480
 0.1489E+05 0.3523E+05
 it=        1481
 0.1489E+05 0.3523E+05
 it=        1482
 0.1488E+05 0.3523E+05
 it=        1483
 0.1488E+05 0.3522E+05
 it=        1484
 0.1487E+05 0.3522E+05
 it=        1485
 0.1487E+05 0.3521E+05
 it=        1486
 0.1486E+05 0.3521E+05
 it=        1487
 0.1486E+05 0.3521E+05
 it=        1488
 0.1485E+05 0.3520E+05
 it=        1489
 0.1485E+05 0.3520E+05
 it=        1490
 0.1484E+05 0.3520E+05
 it=        1491
 0.1484E+05 0.3519E+05
