 it=           1
 0.1382E+05 0.1382E+05
 it=           2
 0.2691E+05 0.2691E+05
 it=           3
 0.3932E+05 0.3932E+05
 it=           4
 0.5108E+05 0.5108E+05
 it=           5
 0.6223E+05 0.6223E+05
 it=           6
 0.7279E+05 0.7279E+05
 it=           7
 0.8280E+05 0.8280E+05
 it=           8
 0.9229E+05 0.9229E+05
 it=           9
 0.1013E+06 0.1013E+06
 it=          10
 0.1098E+06 0.1098E+06
 it=          11
 0.1179E+06 0.1179E+06
 it=          12
 0.1255E+06 0.1255E+06
 it=          13
 0.1328E+06 0.1328E+06
 it=          14
 0.1397E+06 0.1397E+06
 it=          15
 0.1462E+06 0.1462E+06
 it=          16
 0.1523E+06 0.1523E+06
 it=          17
 0.1582E+06 0.1582E+06
 it=          18
 0.1637E+06 0.1637E+06
 it=          19
 0.1690E+06 0.1690E+06
 it=          20
 0.1740E+06 0.1740E+06
 it=          21
 0.1787E+06 0.1787E+06
 it=          22
 0.1832E+06 0.1832E+06
 it=          23
 0.1874E+06 0.1874E+06
 it=          24
 0.1914E+06 0.1914E+06
 it=          25
 0.1952E+06 0.1952E+06
 it=          26
 0.1988E+06 0.1988E+06
 it=          27
 0.2023E+06 0.2023E+06
 it=          28
 0.2055E+06 0.2055E+06
 it=          29
 0.2086E+06 0.2086E+06
 it=          30
 0.2115E+06 0.2115E+06
 it=          31
 0.2142E+06 0.2142E+06
 it=          32
 0.2168E+06 0.2168E+06
 it=          33
 0.2193E+06 0.2193E+06
 it=          34
 0.2217E+06 0.2217E+06
 it=          35
 0.2239E+06 0.2239E+06
 it=          36
 0.2260E+06 0.2260E+06
 it=          37
 0.2280E+06 0.2280E+06
 it=          38
 0.2299E+06 0.2299E+06
 it=          39
 0.2317E+06 0.2317E+06
 it=          40
 0.2334E+06 0.2334E+06
 it=          41
 0.2350E+06 0.2350E+06
 it=          42
 0.2365E+06 0.2365E+06
 it=          43
 0.2380E+06 0.2380E+06
 it=          44
 0.2393E+06 0.2393E+06
