 ---------------------------------
 -0.391E-07 -0.302E-07 -0.170E-07 -0.322E-07
 -0.914E-06 -0.417E-02  0.615E-06 -0.417E-02
 ---------------------------------
  0.301E-08 -0.141E-08  0.203E-08 -0.280E-09
  0.582E-07 -0.417E-02 -0.445E-07 -0.417E-02
 ---------------------------------
  0.670E-08  0.370E-08  0.501E-09  0.530E-08
  0.185E-06 -0.417E-02 -0.110E-06 -0.417E-02
 ---------------------------------
 -0.106E-07  0.293E-07 -0.331E-08  0.266E-07
 -0.424E-07 -0.417E-02  0.247E-07 -0.417E-02
 ---------------------------------
  0.609E-08 -0.284E-07  0.304E-08 -0.290E-07
 -0.108E-06 -0.417E-02  0.794E-07 -0.417E-02
 ---------------------------------
  0.129E-07  0.713E-08  0.611E-08  0.944E-08
  0.316E-06 -0.417E-02 -0.228E-06 -0.417E-02
 ---------------------------------
  0.107E-07  0.119E-07  0.495E-08  0.136E-07
  0.274E-06 -0.417E-02 -0.197E-06 -0.417E-02
 ---------------------------------
 -0.301E-07 -0.270E-07 -0.135E-07 -0.299E-07
 -0.730E-06 -0.417E-02  0.506E-06 -0.417E-02
 ---------------------------------
 -0.963E-09  0.329E-08 -0.985E-09  0.248E-08
 -0.369E-08 -0.417E-02  0.697E-08 -0.417E-02
 ---------------------------------
  0.712E-08 -0.466E-08  0.496E-08 -0.180E-08
  0.128E-06 -0.417E-02 -0.101E-06 -0.417E-02
 ---------------------------------
 -0.110E-07 -0.100E-08 -0.639E-08 -0.368E-08
 -0.233E-06 -0.417E-02  0.170E-06 -0.417E-02
 ---------------------------------
  0.604E-08  0.386E-08  0.251E-08  0.395E-08
  0.145E-06 -0.417E-02 -0.881E-07 -0.417E-02
 ---------------------------------
 -0.563E-08 -0.244E-08 -0.256E-08 -0.281E-08
 -0.131E-06 -0.417E-02  0.810E-07 -0.417E-02
 ---------------------------------
  0.178E-08 -0.273E-08  0.154E-08 -0.175E-08
  0.249E-07 -0.417E-02 -0.229E-07 -0.417E-02
 ---------------------------------
 -0.671E-08 -0.611E-09 -0.379E-08 -0.200E-08
 -0.139E-06 -0.417E-02  0.101E-06 -0.417E-02
 ---------------------------------
  0.370E-09 -0.606E-08  0.905E-09 -0.554E-08
 -0.240E-07 -0.417E-02  0.927E-08 -0.417E-02
 ---------------------------------
  0.211E-08  0.247E-08  0.862E-09  0.290E-08
  0.551E-07 -0.417E-02 -0.346E-07 -0.417E-02
 ---------------------------------
  0.671E-08  0.606E-08  0.272E-08  0.612E-08
  0.162E-06 -0.417E-02 -0.108E-06 -0.417E-02
 ---------------------------------
 -0.897E-08 -0.116E-07 -0.266E-08 -0.105E-07
 -0.232E-06 -0.417E-02  0.140E-06 -0.417E-02
 ---------------------------------
  0.233E-07  0.209E-07  0.914E-08  0.206E-07
  0.562E-06 -0.417E-02 -0.362E-06 -0.417E-02
 ---------------------------------
 -0.277E-07 -0.762E-08 -0.137E-07 -0.110E-07
 -0.585E-06 -0.417E-02  0.405E-06 -0.417E-02
