        1   230200.000   405000.000         42.2
        2   185200.000   460000.000         45.6
        3   325400.000   340000.000          0.1
        4   175200.000   465000.000         42.1
        5   350400.000   325000.000          0.0
        6   200200.000   440000.000         49.7
        7   150000.000   455000.000          3.6
        8   235400.000   350000.000          6.7
        9   175200.000   400000.000         34.4
       10   180000.000   380000.000         22.6
       11   145000.000   420000.000          7.6
       12   230200.000   325000.000         34.6
       13   150200.000   410000.000         34.9
       14    75000.000   555000.000          0.0
       15   115000.000   445000.000          1.0
       16   155000.000   380000.000         24.5
       17   285400.000   295000.000          7.7
       18    70000.000   575000.000          0.0
       19   140000.000   395000.000          1.8
       20   185200.000   385000.000         49.9
       21   220200.000   430000.000         50.0
       22   150200.000   380000.000         42.3
       23   235200.000   350000.000         50.0
       24   220200.000   375000.000         50.0
       25    20000.000   575000.000          0.0
       26   205200.000   270000.000         49.8
       27   275400.000   215000.000          3.9
       28   160200.000   335000.000         50.0
       29   185200.000   305000.000         50.0
       30   250200.000   215000.000         50.0
       31   220200.000   240000.000         50.0
       32   165200.000   230000.000         50.0
       33   295200.000   145000.000         34.9
       34   215200.000   155000.000         41.3
       35   190200.000   175000.000         50.0
       36    55000.000   245000.000          0.0
       37   190200.000   145000.000         17.8
       38   220400.000   125000.000         11.2
       39   225200.000   125000.000         49.7
       40    35000.000   225000.000          0.0
       41   230200.000   120000.000         50.0
       42   345400.000    65000.000          0.1
       43   130000.000   130000.000         24.5
       44   135200.000   130000.000         49.5
       45   230200.000    65000.000         49.0
       46   260400.000    45000.000         24.5
